    FLAG
     506     930       1
     END
     506                   X                   Y                   Z
       1        0.0327237279       -0.4675398322        0.0000000000
       2        0.0000000000       -0.5000000000        0.0000000000
       3        0.0500000000       -0.5000000000        0.0000000000
       4        0.0000000000       -0.4500000000        0.0000000000
       5        0.0731134326       -0.4602176431        0.0000000000
       6        0.0404932399       -0.4275225568        0.0000000000
       7        0.1000000000       -0.5000000000        0.0000000000
       8        0.0000000000       -0.4000000000        0.0000000000
       9        0.0924865206       -0.4095280828        0.0000000000
      10        0.1229261982       -0.4568075365        0.0000000000
      11        0.0446138475       -0.3779592967        0.0000000000
      12        0.1500000000       -0.5000000000        0.0000000000
      13        0.1479155424       -0.4143154632        0.0000000000
      14        0.0000000000       -0.3500000000        0.0000000000
      15        0.0899158013       -0.3539621736        0.0000000000
      16        0.1738952531       -0.4568714970        0.0000000000
      17        0.1282997327       -0.3761351502        0.0000000000
      18        0.0448146679       -0.3269204141        0.0000000000
      19        0.2000000000       -0.5000000000        0.0000000000
      20        0.1979531590       -0.4139065487        0.0000000000
      21        0.1715780091       -0.3727424095        0.0000000000
      22        0.0000000000       -0.3000000000        0.0000000000
      23        0.1394067362       -0.3302784773        0.0000000000
      24        0.0899038306       -0.3032153354        0.0000000000
      25        0.2242964506       -0.4562259188        0.0000000000
      26        0.0446191800       -0.2766038801        0.0000000000
      27        0.2213768925       -0.3712133098        0.0000000000
      28        0.2500000000       -0.5000000000        0.0000000000
      29        0.1939673393       -0.3305854986        0.0000000000
      30        0.2480528192       -0.4120323112        0.0000000000
      31        0.1321970142       -0.2786183483        0.0000000000
      32        0.0000000000       -0.2500000000        0.0000000000
      33        0.0887776924       -0.2531641755        0.0000000000
      34        0.1698393057       -0.2967750040        0.0000000000
      35        0.2754981432       -0.4545282201        0.0000000000
      36        0.2505414274       -0.3254609648        0.0000000000
      37        0.2652649956       -0.3723245429        0.0000000000
      38        0.0445665941       -0.2265298511        0.0000000000
      39        0.3000000000       -0.5000000000        0.0000000000
      40        0.2104078538       -0.2867564538        0.0000000000
      41        0.1325310275       -0.2308573804        0.0000000000
      42        0.3031461969       -0.4039139904        0.0000000000
      43        0.1730532328       -0.2574115912        0.0000000000
      44        0.0000000000       -0.2000000000        0.0000000000
      45        0.0895076159       -0.2033399703        0.0000000000
      46        0.3023011456       -0.3488238732        0.0000000000
      47        0.3270850384       -0.4550255158        0.0000000000
      48        0.2576722734       -0.2698182985        0.0000000000
      49        0.0450073856       -0.1762185642        0.0000000000
      50        0.3014915360       -0.2981198651        0.0000000000
      51        0.2167888064       -0.2398442684        0.0000000000
      52        0.1766921742       -0.2111539700        0.0000000000
      53        0.3500000000       -0.5000000000        0.0000000000
      54        0.1356714637       -0.1812894777        0.0000000000
      55        0.3463195409       -0.3701577704        0.0000000000
      56        0.3565375457       -0.4145947547        0.0000000000
      57        0.0000000000       -0.1500000000        0.0000000000
      58        0.0913849641       -0.1520168651        0.0000000000
      59        0.3457904649       -0.3227980797        0.0000000000
      60        0.3040714020       -0.2475492708        0.0000000000
      61        0.2617497329       -0.2202969029        0.0000000000
      62        0.3769985531       -0.4572806472        0.0000000000
      63        0.2208844025       -0.1927180099        0.0000000000
      64        0.0451736556       -0.1254890686        0.0000000000
      65        0.1817116514       -0.1641469107        0.0000000000
      66        0.3471987721       -0.2737340686        0.0000000000
      67        0.3827476376       -0.3845957515        0.0000000000
      68        0.1431454094       -0.1259116640        0.0000000000
      69        0.3863872228       -0.3465188823        0.0000000000
      70        0.4000000000       -0.5000000000        0.0000000000
      71        0.4023626151       -0.4170015326        0.0000000000
      72        0.0000000000       -0.1000000000        0.0000000000
      73        0.3061893468       -0.1983093918        0.0000000000
      74        0.0907323062       -0.0997664830        0.0000000000
      75        0.2642522003       -0.1724604257        0.0000000000
      76        0.3897069543       -0.2994461032        0.0000000000
      77        0.3489253182       -0.2241804751        0.0000000000
      78        0.2242058010       -0.1474179384        0.0000000000
      79        0.4258065397       -0.4573529662        0.0000000000
      80        0.1903487066       -0.1256774841        0.0000000000
      81        0.0444599242       -0.0749244605        0.0000000000
      82        0.4215415987       -0.3751959377        0.0000000000
      83        0.1333568152       -0.0709506758        0.0000000000
      84        0.3918131504       -0.2499836495        0.0000000000
      85        0.4311988391       -0.3273924385        0.0000000000
      86        0.3072517829       -0.1496756397        0.0000000000
      87        0.1798314188       -0.0870752670        0.0000000000
      88        0.4500000000       -0.5000000000        0.0000000000
      89        0.4501700915       -0.4135331456        0.0000000000
      90        0.3500568405       -0.1747922587        0.0000000000
      91        0.0000000000       -0.0500000000        0.0000000000
      92        0.2649411153       -0.1253331260        0.0000000000
      93        0.0876518370       -0.0491700451        0.0000000000
      94        0.2233713835       -0.1032849691        0.0000000000
      95        0.4346247728       -0.2764712231        0.0000000000
      96        0.3930705603       -0.2001730279        0.0000000000
      97        0.4751896654       -0.4566025652        0.0000000000
      98        0.4757806320       -0.3627623840        0.0000000000
      99        0.1714654344       -0.0400473663        0.0000000000
     100        0.0436265582       -0.0250827378        0.0000000000
     101        0.3504448462       -0.1254611692        0.0000000000
     102        0.1279660980       -0.0234578967        0.0000000000
     103        0.3071229713       -0.1009566470        0.0000000000
     104        0.4361715444       -0.2258543454        0.0000000000
     105        0.4782984372       -0.3044917149        0.0000000000
     106        0.2178209373       -0.0561030077        0.0000000000
     107        0.5000000000       -0.5000000000        0.0000000000
     108        0.2633203511       -0.0774531047        0.0000000000
     109        0.3936635751       -0.1504139759        0.0000000000
     110        0.5000852763       -0.4127536116        0.0000000000
     111        0.0000000000        0.0000000000        0.0000000000
     112        0.0863421786       -0.0007041969        0.0000000000
     113        0.4795966819       -0.2520003178        0.0000000000
     114        0.4368815994       -0.1756205672        0.0000000000
     115        0.1614654439       -0.0011452894        0.0000000000
     116        0.5241278930       -0.3307569136        0.0000000000
     117        0.5250082970       -0.4561690479        0.0000000000
     118        0.3502577532       -0.0759055463        0.0000000000
     119        0.2086717596       -0.0012246704        0.0000000000
     120        0.5245437044       -0.3757362141        0.0000000000
     121        0.3937924660       -0.1006481292        0.0000000000
     122        0.0436334043        0.0243528932        0.0000000000
     123        0.3061485466       -0.0514473798        0.0000000000
     124        0.1279763037        0.0214928069        0.0000000000
     125        0.2603470188       -0.0271254510        0.0000000000
     126        0.4802069130       -0.2010423298        0.0000000000
     127        0.5238386179       -0.2780140600        0.0000000000
     128        0.4371362862       -0.1255984675        0.0000000000
     129        0.5500000000       -0.5000000000        0.0000000000
     130        0.5496716134       -0.4119505811        0.0000000000
     131        0.0000000000        0.0500000000        0.0000000000
     132        0.0876734361        0.0477623718        0.0000000000
     133        0.1714751000        0.0377152587        0.0000000000
     134        0.5728879922       -0.3606014364        0.0000000000
     135        0.5238078580       -0.2264836917        0.0000000000
     136        0.3936923924       -0.0507691993        0.0000000000
     137        0.4804524300       -0.1506916334        0.0000000000
     138        0.3499200602       -0.0259708211        0.0000000000
     139        0.5690895389       -0.3031879963        0.0000000000
     140        0.2603287640        0.0247722681        0.0000000000
     141        0.5750768319       -0.4557458035        0.0000000000
     142        0.3055243901       -0.0010532074        0.0000000000
     143        0.4371570893       -0.0756393672        0.0000000000
     144        0.2178106746        0.0536482177        0.0000000000
     145        0.0444804048        0.0742037477        0.0000000000
     146        0.1333880936        0.0689818146        0.0000000000
     147        0.5238385245       -0.1758368979        0.0000000000
     148        0.5677076599       -0.2514541954        0.0000000000
     149        0.6003619120       -0.4106682425        0.0000000000
     150        0.4805062437       -0.1005951954        0.0000000000
     151        0.6000000000       -0.5000000000        0.0000000000
     152        0.6143989663       -0.3233919324        0.0000000000
     153        0.3935946738       -0.0007752911        0.0000000000
     154        0.0000000000        0.1000000000        0.0000000000
     155        0.0907784313        0.0983835995        0.0000000000
     156        0.1798504531        0.0847366752        0.0000000000
     157        0.4370989795       -0.0256683199        0.0000000000
     158        0.3498820081        0.0241598485        0.0000000000
     159        0.5673025012       -0.2008324477        0.0000000000
     160        0.3060916497        0.0493502274        0.0000000000
     161        0.6278497055       -0.3684412305        0.0000000000
     162        0.2632722035        0.0751166736        0.0000000000
     163        0.5238391840       -0.1256008110        0.0000000000
     164        0.6113329997       -0.2749874030        0.0000000000
     165        0.6254148122       -0.4555873279        0.0000000000
     166        0.4804759411       -0.0505882377        0.0000000000
     167        0.0452094934        0.1248036157        0.0000000000
     168        0.2233587856        0.1008533413        0.0000000000
     169        0.1432088507        0.1239581700        0.0000000000
     170        0.5671825624       -0.1505790048        0.0000000000
     171        0.6106163916       -0.2253866966        0.0000000000
     172        0.6512331051       -0.4114819604        0.0000000000
     173        0.4370515857        0.0243199033        0.0000000000
     174        0.3936075827        0.0492258853        0.0000000000
     175        0.5238046416       -0.0755384851        0.0000000000
     176        0.6522846185       -0.3360467898        0.0000000000
     177        0.6500000000       -0.5000000000        0.0000000000
     178        0.6527482047       -0.2969651240        0.0000000000
     179        0.3501549942        0.0741138525        0.0000000000
     180        0.0000000000        0.1500000000        0.0000000000
     181        0.0914634259        0.1507383251        0.0000000000
     182        0.3070312831        0.0988968249        0.0000000000
     183        0.4804249494       -0.0006024528        0.0000000000
     184        0.1903822232        0.1233453627        0.0000000000
     185        0.6104624327       -0.1754303406        0.0000000000
     186        0.2648956762        0.1230618304        0.0000000000
     187        0.6758077179       -0.3682287791        0.0000000000
     188        0.5671227823       -0.1004943228        0.0000000000
     189        0.6531868329       -0.2495506489        0.0000000000
     190        0.6758144105       -0.4554732978        0.0000000000
     191        0.5237544142       -0.0255406478        0.0000000000
     192        0.0450600689        0.1756081050        0.0000000000
     193        0.4370254858        0.0743034062        0.0000000000
     194        0.1358051851        0.1795968501        0.0000000000
     195        0.2242317618        0.1450875436        0.0000000000
     196        0.3936499627        0.0991329422        0.0000000000
     197        0.1818076305        0.1620040294        0.0000000000
     198        0.6904224263       -0.3230728400        0.0000000000
     199        0.6104172284       -0.1254193360        0.0000000000
     200        0.4803779543        0.0493875431        0.0000000000
     201        0.6534794683       -0.2001679173        0.0000000000
     202        0.7020847163       -0.4102780246        0.0000000000
     203        0.3503252551        0.1237266782        0.0000000000
     204        0.5670695379       -0.0504861645        0.0000000000
     205        0.7000000000       -0.5000000000        0.0000000000
     206        0.6945577031       -0.2747017467        0.0000000000
     207        0.3071931991        0.1477076451        0.0000000000
     208        0.0000000000        0.2000000000        0.0000000000
     209        0.0896268012        0.2022384955        0.0000000000
     210        0.5237023327        0.0244434615        0.0000000000
     211        0.2642907795        0.1703143392        0.0000000000
     212        0.6536216568       -0.1503096631        0.0000000000
     213        0.7307825559       -0.3599283050        0.0000000000
     214        0.6103772429       -0.0754261961        0.0000000000
     215        0.4369643038        0.1242939993        0.0000000000
     216        0.6960604729       -0.2251686491        0.0000000000
     217        0.1769175702        0.2092491370        0.0000000000
     218        0.7261307444       -0.4553914137        0.0000000000
     219        0.2210361976        0.1905660653        0.0000000000
     220        0.4803291407        0.0994100479        0.0000000000
     221        0.5670153621       -0.0005061556        0.0000000000
     222        0.3935455825        0.1489632656        0.0000000000
     223        0.0446319354        0.2260169763        0.0000000000
     224        0.1327549494        0.2294121129        0.0000000000
     225        0.7360133755       -0.3026058178        0.0000000000
     226        0.3500391431        0.1731802231        0.0000000000
     227        0.5236539796        0.0744474654        0.0000000000
     228        0.6536591914       -0.1003553844        0.0000000000
     229        0.6966631709       -0.1752707064        0.0000000000
     230        0.7526294471       -0.4111231435        0.0000000000
     231        0.3062984760        0.1964995862        0.0000000000
     232        0.6103285435       -0.0254524603        0.0000000000
     233        0.7384850082       -0.2510118871        0.0000000000
     234        0.7500000000       -0.5000000000        0.0000000000
     235        0.2620187932        0.2182928619        0.0000000000
     236        0.0000000000        0.2500000000        0.0000000000
     237        0.5669610053        0.0494740326        0.0000000000
     238        0.0889361408        0.2522538349        0.0000000000
     239        0.4802514480        0.1495356358        0.0000000000
     240        0.2172030060        0.2378632509        0.0000000000
     241        0.4367775529        0.1743612948        0.0000000000
     242        0.7798412778       -0.3298487928        0.0000000000
     243        0.6968843985       -0.1253002098        0.0000000000
     244        0.1734831489        0.2557484121        0.0000000000
     245        0.6536399582       -0.0503923322        0.0000000000
     246        0.7783517623       -0.3745915510        0.0000000000
     247        0.7395893513       -0.2005018848        0.0000000000
     248        0.5236155077        0.1245267926        0.0000000000
     249        0.7762133942       -0.4554964637        0.0000000000
     250        0.3931576633        0.1988283726        0.0000000000
     251        0.6102706965        0.0245125825        0.0000000000
     252        0.3492289012        0.2228263261        0.0000000000
     253        0.7815513768       -0.2774208385        0.0000000000
     254        0.0446881784        0.2761903353        0.0000000000
     255        0.1325335246        0.2774247615        0.0000000000
     256        0.5669150408        0.0994847006        0.0000000000
     257        0.3045182345        0.2459072305        0.0000000000
     258        0.6969367842       -0.0753314218        0.0000000000
     259        0.7400491889       -0.1503269333        0.0000000000
     260        0.2584159357        0.2677876948        0.0000000000
     261        0.8020841611       -0.4112621410        0.0000000000
     262        0.6535908058       -0.0004349982        0.0000000000
     263        0.7826487110       -0.2260506937        0.0000000000
     264        0.4800895118        0.1999056028        0.0000000000
     265        0.8000000000       -0.5000000000        0.0000000000
     266        0.2112927043        0.2849183494        0.0000000000
     267        0.5236056185        0.1747939967        0.0000000000
     268        0.6102037053        0.0744779015        0.0000000000
     269        0.8262405797       -0.3611673582        0.0000000000
     270        0.0000000000        0.3000000000        0.0000000000
     271        0.4363351340        0.2245867423        0.0000000000
     272        0.0900947723        0.3024969998        0.0000000000
     273        0.8257496365       -0.3039407381        0.0000000000
     274        0.1704871433        0.2953770625        0.0000000000
     275        0.7402082799       -0.1002896158        0.0000000000
     276        0.3924545113        0.2487414586        0.0000000000
     277        0.6969158630       -0.0253731992        0.0000000000
     278        0.5669153296        0.1495806959        0.0000000000
     279        0.7832192435       -0.1754826060        0.0000000000
     280        0.3481357605        0.2732068905        0.0000000000
     281        0.8263996954       -0.4553529735        0.0000000000
     282        0.6535144708        0.0495125886        0.0000000000
     283        0.8261072968       -0.2516670612        0.0000000000
     284        0.3021773341        0.2960611395        0.0000000000
     285        0.0448706698        0.3266037202        0.0000000000
     286        0.6101449086        0.1244515934        0.0000000000
     287        0.2526138341        0.3229714656        0.0000000000
     288        0.1399310379        0.3293867629        0.0000000000
     289        0.8525680306       -0.4102441380        0.0000000000
     290        0.5236616220        0.2254776114        0.0000000000
     291        0.7402341303       -0.0503098301        0.0000000000
     292        0.7834630002       -0.1252912269        0.0000000000
     293        0.4796914607        0.2507804257        0.0000000000
     294        0.6968503665        0.0245729671        0.0000000000
     295        0.1952397111        0.3293360996        0.0000000000
     296        0.8705364501       -0.3275663981        0.0000000000
     297        0.8264994855       -0.2007114834        0.0000000000
     298        0.5670727849        0.1998725280        0.0000000000
     299        0.8500000000       -0.5000000000        0.0000000000
     300        0.4353350490        0.2748620118        0.0000000000
     301        0.6534024997        0.0994389885        0.0000000000
     302        0.0000000000        0.3500000000        0.0000000000
     303        0.8698957882       -0.2767047946        0.0000000000
     304        0.3917076011        0.2978654878        0.0000000000
     305        0.0900870472        0.3534547125        0.0000000000
     306        0.8743208122       -0.3714794235        0.0000000000
     307        0.6101746956        0.1744341293        0.0000000000
     308        0.3476773417        0.3273508789        0.0000000000
     309        0.7835380104       -0.0752561063        0.0000000000
     310        0.7401956647       -0.0003545622        0.0000000000
     311        0.8775104035       -0.4553514906        0.0000000000
     312        0.8267326520       -0.1503353870        0.0000000000
     313        0.3006261224        0.3385917404        0.0000000000
     314        0.6967259319        0.0744975391        0.0000000000
     315        0.8699227718       -0.2258296863        0.0000000000
     316        0.2241947363        0.3710266781        0.0000000000
     317        0.5238237205        0.2770297264        0.0000000000
     318        0.1725944141        0.3722708589        0.0000000000
     319        0.0446430726        0.3777431329        0.0000000000
     320        0.6532674430        0.1493035188        0.0000000000
     321        0.5676478278        0.2506100011        0.0000000000
     322        0.1286888366        0.3756364775        0.0000000000
     323        0.4785789730        0.3029219437        0.0000000000
     324        0.9087981686       -0.4073288342        0.0000000000
     325        0.9134474962       -0.3012132261        0.0000000000
     326        0.7835324873       -0.0252793392        0.0000000000
     327        0.2753811831        0.3726744734        0.0000000000
     328        0.8268308756       -0.1002200770        0.0000000000
     329        0.9133871306       -0.3516196111        0.0000000000
     330        0.7400946507        0.0495815700        0.0000000000
     331        0.4325528394        0.3242495308        0.0000000000
     332        0.6105280746        0.2244031062        0.0000000000
     333        0.8700443038       -0.1753745760        0.0000000000
     334        0.9000000000       -0.5000000000        0.0000000000
     335        0.3930770166        0.3386173826        0.0000000000
     336        0.6965068795        0.1243688706        0.0000000000
     337        0.9133669808       -0.2507136506        0.0000000000
     338        0.0000000000        0.4000000000        0.0000000000
     339        0.3243414868        0.3736725435        0.0000000000
     340        0.0926009121        0.4092564562        0.0000000000
     341        0.6532085852        0.1989816959        0.0000000000
     342        0.1990080369        0.4143414490        0.0000000000
     343        0.9272940671       -0.4594211398        0.0000000000
     344        0.8268509929       -0.0502098764        0.0000000000
     345        0.7834692769        0.0246716326        0.0000000000
     346        0.5692104891        0.3026069222        0.0000000000
     347        0.1483514047        0.4141513965        0.0000000000
     348        0.5240952079        0.3298173821        0.0000000000
     349        0.8701226654       -0.1251966976        0.0000000000
     350        0.3723157943        0.3731775614        0.0000000000
     351        0.2497615149        0.4146023114        0.0000000000
     352        0.7398843346        0.0994895428        0.0000000000
     353        0.9133822751       -0.2003479230        0.0000000000
     354        0.9564792048       -0.3768778291        0.0000000000
     355        0.6117643004        0.2742620317        0.0000000000
     356        0.9566764509       -0.3258061994        0.0000000000
     357        0.4755626520        0.3608358018        0.0000000000
     358        0.6961643386        0.1740896548        0.0000000000
     359        0.0404936080        0.4274015990        0.0000000000
     360        0.9567083073       -0.2754444612        0.0000000000
     361        0.2998453740        0.4151243918        0.0000000000
     362        0.4202659754        0.3703993699        0.0000000000
     363        0.9600042651       -0.4267811266        0.0000000000
     364        0.8268225755       -0.0002396764        0.0000000000
     365        0.8701515517       -0.0751520556        0.0000000000
     366        0.6535311849        0.2481717889        0.0000000000
     367        0.7833155006        0.0746026560        0.0000000000
     368        0.9500000000       -0.5000000000        0.0000000000
     369        0.9134182772       -0.1501675247        0.0000000000
     370        0.1230341149        0.4567207975        0.0000000000
     371        0.7394843599        0.1493458652        0.0000000000
     372        0.1741897073        0.4570351876        0.0000000000
     373        0.3491621154        0.4150715975        0.0000000000
     374        0.9567044611       -0.2252319245        0.0000000000
     375        0.2246800124        0.4572015398        0.0000000000
     376        0.5729574953        0.3604604496        0.0000000000
     377        0.0000000000        0.4500000000        0.0000000000
     378        0.0731239510        0.4601133852        0.0000000000
     379        0.6957185373        0.2233612366        0.0000000000
     380        0.6152147217        0.3233166636        0.0000000000
     381        0.5243664429        0.3749698704        0.0000000000
     382        0.9674589137       -0.4672281153        0.0000000000
     383        0.8701460599       -0.0251604256        0.0000000000
     384        0.8267311156        0.0497080454        0.0000000000
     385        1.0000000000       -0.3500000000        0.0000000000
     386        0.3983852620        0.4139600429        0.0000000000
     387        0.2749044229        0.4573764143        0.0000000000
     388        0.9134398796       -0.1001047118        0.0000000000
     389        1.0000000000       -0.3000000000        0.0000000000
     390        1.0000000000       -0.4000000000        0.0000000000
     391        0.4489128089        0.4115803984        0.0000000000
     392        0.7829952610        0.1245193331        0.0000000000
     393        0.6548407074        0.2962492194        0.0000000000
     394        0.9567120624       -0.1751112559        0.0000000000
     395        0.7387697746        0.1990751072        0.0000000000
     396        1.0000000000       -0.2500000000        0.0000000000
     397        0.3248050816        0.4574381478        0.0000000000
     398        0.0327134105        0.4674870124        0.0000000000
     399        0.4996672881        0.4118585628        0.0000000000
     400        0.1500000000        0.5000000000        0.0000000000
     401        1.0000000000       -0.4500000000        0.0000000000
     402        0.6954696924        0.2715452860        0.0000000000
     403        0.2000000000        0.5000000000        0.0000000000
     404        0.8701022668        0.0248068372        0.0000000000
     405        0.1000000000        0.5000000000        0.0000000000
     406        0.9134437481       -0.0500963230        0.0000000000
     407        1.0000000000       -0.5000000000        0.0000000000
     408        0.8265177567        0.0996359106        0.0000000000
     409        0.6283482488        0.3693173413        0.0000000000
     410        0.9567211033       -0.1250596204        0.0000000000
     411        0.5494902769        0.4117376081        0.0000000000
     412        0.3745314201        0.4571412322        0.0000000000
     413        0.2500000000        0.5000000000        0.0000000000
     414        0.7824084043        0.1744859261        0.0000000000
     415        1.0000000000       -0.2000000000        0.0000000000
     416        0.6546660600        0.3366736142        0.0000000000
     417        0.7373376121        0.2481207026        0.0000000000
     418        0.0000000000        0.5000000000        0.0000000000
     419        0.0500000000        0.5000000000        0.0000000000
     420        0.4244665055        0.4564404672        0.0000000000
     421        0.3000000000        0.5000000000        0.0000000000
     422        0.6002747756        0.4111283045        0.0000000000
     423        0.9134284322       -0.0001108421        0.0000000000
     424        0.8699828945        0.0747532779        0.0000000000
     425        0.4746712690        0.4559763541        0.0000000000
     426        0.9567251280       -0.0750458951        0.0000000000
     427        0.6989503497        0.3231872947        0.0000000000
     428        0.8260966251        0.1495516610        0.0000000000
     429        1.0000000000       -0.1500000000        0.0000000000
     430        0.3500000000        0.5000000000        0.0000000000
     431        0.7814519997        0.2249659744        0.0000000000
     432        0.5248018323        0.4559233344        0.0000000000
     433        0.7328619179        0.2899159220        0.0000000000
     434        0.6765191076        0.3709580599        0.0000000000
     435        0.9133760109        0.0498588922        0.0000000000
     436        0.9567224394       -0.0250484427        0.0000000000
     437        0.6509979594        0.4129804583        0.0000000000
     438        0.4000000000        0.5000000000        0.0000000000
     439        0.8697161230        0.1246749017        0.0000000000
     440        0.5749472017        0.4558475406        0.0000000000
     441        1.0000000000       -0.1000000000        0.0000000000
     442        0.8254209786        0.1994571690        0.0000000000
     443        0.4500000000        0.5000000000        0.0000000000
     444        0.7799488206        0.2797311446        0.0000000000
     445        0.5000000000        0.5000000000        0.0000000000
     446        0.9567071442        0.0249403685        0.0000000000
     447        0.9132415123        0.0998104087        0.0000000000
     448        0.6252232627        0.4561202025        0.0000000000
     449        0.7529767546        0.3268426094        0.0000000000
     450        0.7260480505        0.3697749509        0.0000000000
     451        1.0000000000       -0.0500000000        0.0000000000
     452        0.8692050021        0.1745607145        0.0000000000
     453        0.7007617357        0.4134596607        0.0000000000
     454        0.5500000000        0.5000000000        0.0000000000
     455        0.8247735746        0.2489316143        0.0000000000
     456        0.9566619059        0.0749202503        0.0000000000
     457        1.0000000000        0.0000000000        0.0000000000
     458        0.6753411397        0.4565756192        0.0000000000
     459        0.9129500911        0.1497427622        0.0000000000
     460        0.6000000000        0.5000000000        0.0000000000
     461        0.8037232068        0.3278567053        0.0000000000
     462        0.8683330135        0.2243246011        0.0000000000
     463        0.7768776001        0.3704922207        0.0000000000
     464        0.8268004189        0.2915048054        0.0000000000
     465        1.0000000000        0.0500000000        0.0000000000
     466        0.7508559605        0.4135075385        0.0000000000
     467        0.9565532681        0.1248907472        0.0000000000
     468        0.6500000000        0.5000000000        0.0000000000
     469        0.7253534093        0.4567362079        0.0000000000
     470        0.9123901457        0.1996727453        0.0000000000
     471        0.8666282921        0.2737342008        0.0000000000
     472        1.0000000000        0.1000000000        0.0000000000
     473        0.8270758572        0.3712637961        0.0000000000
     474        0.8590606684        0.3274176818        0.0000000000
     475        0.7000000000        0.5000000000        0.0000000000
     476        0.9563272618        0.1748637588        0.0000000000
     477        0.8011557018        0.4137218091        0.0000000000
     478        0.9113494260        0.2497298924        0.0000000000
     479        0.7754713552        0.4567866385        0.0000000000
     480        1.0000000000        0.1500000000        0.0000000000
     481        0.7500000000        0.5000000000        0.0000000000
     482        0.9094108500        0.3007103364        0.0000000000
     483        0.9559110741        0.2248990672        0.0000000000
     484        0.8707150405        0.3746713945        0.0000000000
     485        0.8513564136        0.4135962874        0.0000000000
     486        1.0000000000        0.2000000000        0.0000000000
     487        0.8257531071        0.4567582259        0.0000000000
     488        0.9093261372        0.3524548959        0.0000000000
     489        0.9552634700        0.2751946186        0.0000000000
     490        0.8000000000        0.5000000000        0.0000000000
     491        1.0000000000        0.2500000000        0.0000000000
     492        0.9070043854        0.4088143031        0.0000000000
     493        0.9548411343        0.3259378871        0.0000000000
     494        0.8767751194        0.4565121685        0.0000000000
     495        0.8500000000        0.5000000000        0.0000000000
     496        1.0000000000        0.3000000000        0.0000000000
     497        0.9550684518        0.3773929856        0.0000000000
     498        0.9267006661        0.4599945255        0.0000000000
     499        0.9000000000        0.5000000000        0.0000000000
     500        1.0000000000        0.3500000000        0.0000000000
     501        0.9593161435        0.4272627017        0.0000000000
     502        1.0000000000        0.4000000000        0.0000000000
     503        0.9500000000        0.5000000000        0.0000000000
     504        0.9671970949        0.4674463551        0.0000000000
     505        1.0000000000        0.4500000000        0.0000000000
     506        1.0000000000        0.5000000000        0.0000000000
     END
     930       I       J       K    TYPE     MAT
       1       1       2       3       3       1
       2       1       4       2       3       1
       3       1       3       5       3       1
       4       6       4       1       3       1
       5       6       1       5       3       1
       6       3       7       5       3       1
       7       8       4       6       3       1
       8       5       9       6       3       1
       9       5       7      10       3       1
      10       5      10       9       3       1
      11       8       6      11       3       1
      12       9      11       6       3       1
      13       7      12      10       3       1
      14      10      13       9       3       1
      15       8      11      14       3       1
      16      15      11       9       3       1
      17      12      16      10       3       1
      18      13      10      16       3       1
      19      17       9      13       3       1
      20      17      15       9       3       1
      21      18      14      11       3       1
      22      15      18      11       3       1
      23      16      12      19       3       1
      24      13      16      20       3       1
      25      21      17      13       3       1
      26      22      14      18       3       1
      27      13      20      21       3       1
      28      17      23      15       3       1
      29      24      18      15       3       1
      30      16      19      25       3       1
      31      20      16      25       3       1
      32      21      23      17       3       1
      33      24      15      23       3       1
      34      22      18      26       3       1
      35      26      18      24       3       1
      36      20      27      21       3       1
      37      25      19      28       3       1
      38      23      21      29       3       1
      39      30      20      25       3       1
      40      20      30      27       3       1
      41      29      21      27       3       1
      42      31      24      23       3       1
      43      32      22      26       3       1
      44      26      24      33       3       1
      45      23      29      34       3       1
      46      35      25      28       3       1
      47      31      33      24       3       1
      48      34      31      23       3       1
      49      30      25      35       3       1
      50      36      29      27       3       1
      51      37      27      30       3       1
      52      38      32      26       3       1
      53      38      26      33       3       1
      54      37      36      27       3       1
      55      35      28      39       3       1
      56      29      40      34       3       1
      57      41      33      31       3       1
      58      36      40      29       3       1
      59      30      35      42       3       1
      60      43      31      34       3       1
      61      37      30      42       3       1
      62      44      32      38       3       1
      63      41      31      43       3       1
      64      45      38      33       3       1
      65      40      43      34       3       1
      66      45      33      41       3       1
      67      37      46      36       3       1
      68      35      39      47       3       1
      69      42      35      47       3       1
      70      48      40      36       3       1
      71      37      42      46       3       1
      72      44      38      49       3       1
      73      45      49      38       3       1
      74      50      36      46       3       1
      75      40      51      43       3       1
      76      48      36      50       3       1
      77      41      43      52       3       1
      78      47      39      53       3       1
      79      51      40      48       3       1
      80      45      41      54       3       1
      81      55      46      42       3       1
      82      42      47      56       3       1
      83      43      51      52       3       1
      84      54      41      52       3       1
      85      57      44      49       3       1
      86      45      58      49       3       1
      87      55      42      56       3       1
      88      50      46      59       3       1
      89      58      45      54       3       1
      90      50      60      48       3       1
      91      48      61      51       3       1
      92      55      59      46       3       1
      93      62      47      53       3       1
      94      56      47      62       3       1
      95      52      51      63       3       1
      96      48      60      61       3       1
      97      64      57      49       3       1
      98      64      49      58       3       1
      99      54      52      65       3       1
     100      51      61      63       3       1
     101      66      50      59       3       1
     102      50      66      60       3       1
     103      56      67      55       3       1
     104      58      54      68       3       1
     105      52      63      65       3       1
     106      55      69      59       3       1
     107      62      53      70       3       1
     108      68      54      65       3       1
     109      56      62      71       3       1
     110      55      67      69       3       1
     111      72      57      64       3       1
     112      61      60      73       3       1
     113      56      71      67       3       1
     114      64      58      74       3       1
     115      63      61      75       3       1
     116      74      58      68       3       1
     117      66      59      76       3       1
     118      66      77      60       3       1
     119      59      69      76       3       1
     120      65      63      78       3       1
     121      61      73      75       3       1
     122      77      73      60       3       1
     123      62      70      79       3       1
     124      71      62      79       3       1
     125      68      65      80       3       1
     126      75      78      63       3       1
     127      72      64      81       3       1
     128      69      67      82       3       1
     129      81      64      74       3       1
     130      67      71      82       3       1
     131      80      65      78       3       1
     132      83      74      68       3       1
     133      84      66      76       3       1
     134      77      66      84       3       1
     135      69      85      76       3       1
     136      73      86      75       3       1
     137      80      87      68       3       1
     138      69      82      85       3       1
     139      79      70      88       3       1
     140      87      83      68       3       1
     141      79      89      71       3       1
     142      90      73      77       3       1
     143      82      71      89       3       1
     144      91      72      81       3       1
     145      75      92      78       3       1
     146      81      74      93       3       1
     147      86      73      90       3       1
     148      83      93      74       3       1
     149      80      78      94       3       1
     150      92      75      86       3       1
     151      84      76      95       3       1
     152      76      85      95       3       1
     153      77      84      96       3       1
     154      80      94      87       3       1
     155      90      77      96       3       1
     156      79      88      97       3       1
     157      94      78      92       3       1
     158      79      97      89       3       1
     159      85      82      98       3       1
     160      89      98      82       3       1
     161      99      83      87       3       1
     162     100      91      81       3       1
     163     100      81      93       3       1
     164      86      90     101       3       1
     165     102      93      83       3       1
     166      86     103      92       3       1
     167      95     104      84       3       1
     168      99     102      83       3       1
     169      84     104      96       3       1
     170      85     105      95       3       1
     171      87      94     106       3       1
     172      85      98     105       3       1
     173     101     103      86       3       1
     174      88     107      97       3       1
     175      87     106      99       3       1
     176      94      92     108       3       1
     177      90      96     109       3       1
     178      89      97     110       3       1
     179      89     110      98       3       1
     180     109     101      90       3       1
     181     100     111      91       3       1
     182      92     103     108       3       1
     183     100      93     112       3       1
     184     112      93     102       3       1
     185      94     108     106       3       1
     186      95     113     104       3       1
     187     105     113      95       3       1
     188     104     114      96       3       1
     189      99     115     102       3       1
     190      98     116     105       3       1
     191      96     114     109       3       1
     192     107     117      97       3       1
     193     101     118     103       3       1
     194     110      97     117       3       1
     195      99     106     119       3       1
     196     110     120      98       3       1
     197     109     121     101       3       1
     198     122     111     100       3       1
     199      99     119     115       3       1
     200     112     122     100       3       1
     201     108     103     123       3       1
     202      98     120     116       3       1
     203     112     102     124       3       1
     204     106     108     125       3       1
     205     101     121     118       3       1
     206     124     102     115       3       1
     207     104     113     126       3       1
     208     103     118     123       3       1
     209     104     126     114       3       1
     210     105     127     113       3       1
     211     105     116     127       3       1
     212     125     119     106       3       1
     213     114     128     109       3       1
     214     107     129     117       3       1
     215     123     125     108       3       1
     216     110     117     130       3       1
     217     109     128     121       3       1
     218     110     130     120       3       1
     219     131     111     122       3       1
     220     132     122     112       3       1
     221     115     119     133       3       1
     222     132     112     124       3       1
     223     116     120     134       3       1
     224     124     115     133       3       1
     225     113     135     126       3       1
     226     135     113     127       3       1
     227     121     136     118       3       1
     228     137     114     126       3       1
     229     123     118     138       3       1
     230     137     128     114       3       1
     231     116     139     127       3       1
     232     130     134     120       3       1
     233     140     119     125       3       1
     234     117     129     141       3       1
     235     141     130     117       3       1
     236     116     134     139       3       1
     237     142     125     123       3       1
     238     121     128     143       3       1
     239     118     136     138       3       1
     240     133     119     144       3       1
     241     131     122     145       3       1
     242     132     145     122       3       1
     243     121     143     136       3       1
     244     132     124     146       3       1
     245     138     142     123       3       1
     246     144     119     140       3       1
     247     146     124     133       3       1
     248     142     140     125       3       1
     249     147     126     135       3       1
     250     137     126     147       3       1
     251     135     127     148       3       1
     252     130     149     134       3       1
     253     148     127     139       3       1
     254     137     150     128       3       1
     255     141     149     130       3       1
     256     141     129     151       3       1
     257     128     150     143       3       1
     258     134     152     139       3       1
     259     138     136     153       3       1
     260     154     131     145       3       1
     261     155     145     132       3       1
     262     132     146     155       3       1
     263     156     133     144       3       1
     264     146     133     156       3       1
     265     136     143     157       3       1
     266     138     158     142       3       1
     267     135     159     147       3       1
     268     148     159     135       3       1
     269     142     160     140       3       1
     270     149     161     134       3       1
     271     153     136     157       3       1
     272     144     140     162       3       1
     273     163     137     147       3       1
     274     134     161     152       3       1
     275     158     138     153       3       1
     276     163     150     137       3       1
     277     148     139     164       3       1
     278     141     165     149       3       1
     279     152     164     139       3       1
     280     141     151     165       3       1
     281     143     150     166       3       1
     282     142     158     160       3       1
     283     140     160     162       3       1
     284     167     154     145       3       1
     285     166     157     143       3       1
     286     167     145     155       3       1
     287     156     144     168       3       1
     288     169     155     146       3       1
     289     169     146     156       3       1
     290     144     162     168       3       1
     291     170     147     159       3       1
     292     171     159     148       3       1
     293     170     163     147       3       1
     294     149     172     161       3       1
     295     164     171     148       3       1
     296     153     157     173       3       1
     297     153     174     158       3       1
     298     149     165     172       3       1
     299     163     175     150       3       1
     300     152     161     176       3       1
     301     150     175     166       3       1
     302     151     177     165       3       1
     303     152     178     164       3       1
     304     160     158     179       3       1
     305     153     173     174       3       1
     306     167     180     154       3       1
     307     167     155     181       3       1
     308     162     160     182       3       1
     309     169     181     155       3       1
     310     166     183     157       3       1
     311     152     176     178       3       1
     312     184     156     168       3       1
     313     169     156     184       3       1
     314     179     158     174       3       1
     315     183     173     157       3       1
     316     159     185     170       3       1
     317     171     185     159       3       1
     318     186     168     162       3       1
     319     172     187     161       3       1
     320     160     179     182       3       1
     321     170     188     163       3       1
     322     164     189     171       3       1
     323     176     161     187       3       1
     324     163     188     175       3       1
     325     165     190     172       3       1
     326     162     182     186       3       1
     327     189     164     178       3       1
     328     177     190     165       3       1
     329     166     175     191       3       1
     330     167     192     180       3       1
     331     181     192     167       3       1
     332     193     174     173       3       1
     333     166     191     183       3       1
     334     194     181     169       3       1
     335     184     168     195       3       1
     336     174     196     179       3       1
     337     186     195     168       3       1
     338     184     197     169       3       1
     339     198     178     176       3       1
     340     170     185     199       3       1
     341     183     200     173       3       1
     342     188     170     199       3       1
     343     201     185     171       3       1
     344     197     194     169       3       1
     345     201     171     189       3       1
     346     198     176     187       3       1
     347     172     202     187       3       1
     348     193     196     174       3       1
     349     190     202     172       3       1
     350     182     179     203       3       1
     351     200     193     173       3       1
     352     175     188     204       3       1
     353     191     175     204       3       1
     354     177     205     190       3       1
     355     189     178     206       3       1
     356     182     207     186       3       1
     357     184     195     197       3       1
     358     203     179     196       3       1
     359     192     208     180       3       1
     360     209     192     181       3       1
     361     198     206     178       3       1
     362     209     181     194       3       1
     363     183     191     210       3       1
     364     182     203     207       3       1
     365     195     186     211       3       1
     366     183     210     200       3       1
     367     199     185     212       3       1
     368     185     201     212       3       1
     369     187     213     198       3       1
     370     199     214     188       3       1
     371     187     202     213       3       1
     372     186     207     211       3       1
     373     215     196     193       3       1
     374     204     188     214       3       1
     375     189     216     201       3       1
     376     217     194     197       3       1
     377     190     218     202       3       1
     378     206     216     189       3       1
     379     197     195     219       3       1
     380     190     205     218       3       1
     381     200     220     193       3       1
     382     221     191     204       3       1
     383     222     203     196       3       1
     384     210     191     221       3       1
     385     223     208     192       3       1
     386     209     223     192       3       1
     387     195     211     219       3       1
     388     224     209     194       3       1
     389     220     215     193       3       1
     390     198     225     206       3       1
     391     222     196     215       3       1
     392     197     219     217       3       1
     393     217     224     194       3       1
     394     207     203     226       3       1
     395     225     198     213       3       1
     396     200     210     227       3       1
     397     199     212     228       3       1
     398     199     228     214       3       1
     399     212     201     229       3       1
     400     202     230     213       3       1
     401     201     216     229       3       1
     402     200     227     220       3       1
     403     211     207     231       3       1
     404     202     218     230       3       1
     405     232     204     214       3       1
     406     226     203     222       3       1
     407     233     216     206       3       1
     408     205     234     218       3       1
     409     221     204     232       3       1
     410     231     207     226       3       1
     411     233     206     225       3       1
     412     219     211     235       3       1
     413     223     236     208       3       1
     414     237     210     221       3       1
     415     209     238     223       3       1
     416     224     238     209       3       1
     417     227     210     237       3       1
     418     239     215     220       3       1
     419     217     219     240       3       1
     420     235     211     231       3       1
     421     222     215     241       3       1
     422     225     213     242       3       1
     423     228     212     243       3       1
     424     212     229     243       3       1
     425     217     244     224       3       1
     426     245     214     228       3       1
     427     230     246     213       3       1
     428     232     214     245       3       1
     429     229     216     247       3       1
     430     240     219     235       3       1
     431     239     241     215       3       1
     432     220     227     248       3       1
     433     216     233     247       3       1
     434     218     249     230       3       1
     435     250     226     222       3       1
     436     234     249     218       3       1
     437     217     240     244       3       1
     438     246     242     213       3       1
     439     221     232     251       3       1
     440     239     220     248       3       1
     441     221     251     237       3       1
     442     252     231     226       3       1
     443     225     253     233       3       1
     444     236     223     254       3       1
     445     222     241     250       3       1
     446     238     254     223       3       1
     447     255     238     224       3       1
     448     237     256     227       3       1
     449     242     253     225       3       1
     450     231     257     235       3       1
     451     244     255     224       3       1
     452     252     226     250       3       1
     453     243     258     228       3       1
     454     229     259     243       3       1
     455     258     245     228       3       1
     456     248     227     256       3       1
     457     235     260     240       3       1
     458     229     247     259       3       1
     459     230     261     246       3       1
     460     232     245     262       3       1
     461     249     261     230       3       1
     462     257     231     252       3       1
     463     263     247     233       3       1
     464     264     241     239       3       1
     465     232     262     251       3       1
     466     234     265     249       3       1
     467     233     253     263       3       1
     468     244     240     266       3       1
     469     235     257     260       3       1
     470     267     239     248       3       1
     471     268     237     251       3       1
     472     246     269     242       3       1
     473     254     270     236       3       1
     474     237     268     256       3       1
     475     271     250     241       3       1
     476     272     254     238       3       1
     477     255     272     238       3       1
     478     240     260     266       3       1
     479     242     273     253       3       1
     480     264     239     267       3       1
     481     244     274     255       3       1
     482     246     261     269       3       1
     483     243     275     258       3       1
     484     264     271     241       3       1
     485     275     243     259       3       1
     486     252     250     276       3       1
     487     277     245     258       3       1
     488     248     256     278       3       1
     489     269     273     242       3       1
     490     277     262     245       3       1
     491     244     266     274       3       1
     492     259     247     279       3       1
     493     263     279     247       3       1
     494     280     257     252       3       1
     495     249     281     261       3       1
     496     278     267     248       3       1
     497     249     265     281       3       1
     498     251     262     282       3       1
     499     271     276     250       3       1
     500     283     263     253       3       1
     501     282     268     251       3       1
     502     284     260     257       3       1
     503     276     280     252       3       1
     504     253     273     283       3       1
     505     285     270     254       3       1
     506     256     268     286       3       1
     507     272     285     254       3       1
     508     287     266     260       3       1
     509     288     272     255       3       1
     510     255     274     288       3       1
     511     261     289     269       3       1
     512     278     256     286       3       1
     513     290     264     267       3       1
     514     284     257     280       3       1
     515     275     291     258       3       1
     516     291     277     258       3       1
     517     275     259     292       3       1
     518     293     271     264       3       1
     519     259     279     292       3       1
     520     261     281     289       3       1
     521     287     260     284       3       1
     522     277     294     262       3       1
     523     295     274     266       3       1
     524     269     296     273       3       1
     525     294     282     262       3       1
     526     263     297     279       3       1
     527     263     283     297       3       1
     528     278     298     267       3       1
     529     265     299     281       3       1
     530     300     276     271       3       1
     531     293     264     290       3       1
     532     287     295     266       3       1
     533     301     268     282       3       1
     534     286     268     301       3       1
     535     298     290     267       3       1
     536     285     302     270       3       1
     537     295     288     274       3       1
     538     303     283     273       3       1
     539     276     304     280       3       1
     540     272     305     285       3       1
     541     269     289     306       3       1
     542     293     300     271       3       1
     543     288     305     272       3       1
     544     278     286     307       3       1
     545     269     306     296       3       1
     546     273     296     303       3       1
     547     280     308     284       3       1
     548     275     309     291       3       1
     549     292     309     275       3       1
     550     310     277     291       3       1
     551     300     304     276       3       1
     552     289     281     311       3       1
     553     310     294     277       3       1
     554     307     298     278       3       1
     555     292     279     312       3       1
     556     313     287     284       3       1
     557     312     279     297       3       1
     558     314     282     294       3       1
     559     299     311     281       3       1
     560     280     304     308       3       1
     561     283     315     297       3       1
     562     301     282     314       3       1
     563     287     316     295       3       1
     564     290     317     293       3       1
     565     283     303     315       3       1
     566     295     318     288       3       1
     567     308     313     284       3       1
     568     302     285     319       3       1
     569     320     286     301       3       1
     570     319     285     305       3       1
     571     298     321     290       3       1
     572     307     286     320       3       1
     573     322     305     288       3       1
     574     323     300     293       3       1
     575     306     289     324       3       1
     576     289     311     324       3       1
     577     325     303     296       3       1
     578     326     291     309       3       1
     579     326     310     291       3       1
     580     313     327     287       3       1
     581     290     321     317       3       1
     582     322     288     318       3       1
     583     292     328     309       3       1
     584     295     316     318       3       1
     585     287     327     316       3       1
     586     306     329     296       3       1
     587     328     292     312       3       1
     588     323     293     317       3       1
     589     310     330     294       3       1
     590     304     300     331       3       1
     591     307     332     298       3       1
     592     314     294     330       3       1
     593     333     312     297       3       1
     594     299     334     311       3       1
     595     333     297     315       3       1
     596     308     304     335       3       1
     597     329     325     296       3       1
     598     301     314     336       3       1
     599     332     321     298       3       1
     600     331     300     323       3       1
     601     337     315     303       3       1
     602     336     320     301       3       1
     603     338     302     319       3       1
     604     306     324     329       3       1
     605     308     339     313       3       1
     606     319     305     340       3       1
     607     325     337     303       3       1
     608     340     305     322       3       1
     609     341     307     320       3       1
     610     335     304     331       3       1
     611     316     342     318       3       1
     612     324     311     343       3       1
     613     326     309     344       3       1
     614     313     339     327       3       1
     615     332     307     341       3       1
     616     326     345     310       3       1
     617     344     309     328       3       1
     618     321     346     317       3       1
     619     345     330     310       3       1
     620     322     318     347       3       1
     621     311     334     343       3       1
     622     348     323     317       3       1
     623     328     312     349       3       1
     624     308     335     350       3       1
     625     333     349     312       3       1
     626     351     316     327       3       1
     627     314     330     352       3       1
     628     308     350     339       3       1
     629     333     315     353       3       1
     630     314     352     336       3       1
     631     337     353     315       3       1
     632     354     329     324       3       1
     633     318     342     347       3       1
     634     332     355     321       3       1
     635     351     342     316       3       1
     636     340     322     347       3       1
     637     329     356     325       3       1
     638     357     331     323       3       1
     639     348     317     346       3       1
     640     358     320     336       3       1
     641     359     338     319       3       1
     642     359     319     340       3       1
     643     358     341     320       3       1
     644     321     355     346       3       1
     645     325     360     337       3       1
     646     327     339     361       3       1
     647     348     357     323       3       1
     648     362     335     331       3       1
     649     324     343     363       3       1
     650     326     344     364       3       1
     651     326     364     345       3       1
     652     344     328     365       3       1
     653     329     354     356       3       1
     654     366     332     341       3       1
     655     327     361     351       3       1
     656     325     356     360       3       1
     657     324     363     354       3       1
     658     349     365     328       3       1
     659     367     330     345       3       1
     660     343     334     368       3       1
     661     362     350     335       3       1
     662     367     352     330       3       1
     663     357     362     331       3       1
     664     333     369     349       3       1
     665     366     355     332       3       1
     666     333     353     369       3       1
     667     347     370     340       3       1
     668     336     352     371       3       1
     669     372     347     342       3       1
     670     350     373     339       3       1
     671     337     374     353       3       1
     672     358     336     371       3       1
     673     351     375     342       3       1
     674     376     348     346       3       1
     675     337     360     374       3       1
     676     373     361     339       3       1
     677     377     338     359       3       1
     678     359     340     378       3       1
     679     358     379     341       3       1
     680     380     346     355       3       1
     681     341     379     366       3       1
     682     348     381     357       3       1
     683     343     382     363       3       1
     684     340     370     378       3       1
     685     375     372     342       3       1
     686     372     370     347       3       1
     687     344     383     364       3       1
     688     344     365     383       3       1
     689     343     368     382       3       1
     690     345     364     384       3       1
     691     354     385     356       3       1
     692     367     345     384       3       1
     693     362     386     350       3       1
     694     361     387     351       3       1
     695     349     388     365       3       1
     696     380     376     346       3       1
     697     389     360     356       3       1
     698     376     381     348       3       1
     699     349     369     388       3       1
     700     363     390     354       3       1
     701     350     386     373       3       1
     702     357     391     362       3       1
     703     392     352     367       3       1
     704     351     387     375       3       1
     705     393     355     366       3       1
     706     392     371     352       3       1
     707     369     353     394       3       1
     708     353     374     394       3       1
     709     358     371     395       3       1
     710     380     355     393       3       1
     711     354     390     385       3       1
     712     356     385     389       3       1
     713     396     374     360       3       1
     714     373     397     361       3       1
     715     358     395     379       3       1
     716     398     377     359       3       1
     717     378     398     359       3       1
     718     381     399     357       3       1
     719     391     386     362       3       1
     720     372     400     370       3       1
     721     389     396     360       3       1
     722     397     387     361       3       1
     723     382     401     363       3       1
     724     402     366     379       3       1
     725     357     399     391       3       1
     726     403     372     375       3       1
     727     383     404     364       3       1
     728     404     384     364       3       1
     729     405     378     370       3       1
     730     401     390     363       3       1
     731     383     365     406       3       1
     732     382     368     407       3       1
     733     365     388     406       3       1
     734     408     367     384       3       1
     735     393     366     402       3       1
     736     380     409     376       3       1
     737     369     410     388       3       1
     738     392     367     408       3       1
     739     376     411     381       3       1
     740     412     373     386       3       1
     741     369     394     410       3       1
     742     370     400     405       3       1
     743     387     413     375       3       1
     744     403     400     372       3       1
     745     414     371     392       3       1
     746     414     395     371       3       1
     747     412     397     373       3       1
     748     394     374     415       3       1
     749     374     396     415       3       1
     750     416     380     393       3       1
     751     382     407     401       3       1
     752     413     403     375       3       1
     753     379     395     417       3       1
     754     411     399     381       3       1
     755     398     418     377       3       1
     756     378     419     398       3       1
     757     391     420     386       3       1
     758     417     402     379       3       1
     759     405     419     378       3       1
     760     421     387     397       3       1
     761     416     409     380       3       1
     762     409     422     376       3       1
     763     376     422     411       3       1
     764     383     423     404       3       1
     765     406     423     383       3       1
     766     404     424     384       3       1
     767     391     399     425       3       1
     768     424     408     384       3       1
     769     420     412     386       3       1
     770     388     426     406       3       1
     771     421     413     387       3       1
     772     393     402     427       3       1
     773     388     410     426       3       1
     774     428     392     408       3       1
     775     394     429     410       3       1
     776     414     392     428       3       1
     777     398     419     418       3       1
     778     391     425     420       3       1
     779     427     416     393       3       1
     780     394     415     429       3       1
     781     412     430     397       3       1
     782     431     395     414       3       1
     783     411     432     399       3       1
     784     431     417     395       3       1
     785     430     421     397       3       1
     786     433     402     417       3       1
     787     432     425     399       3       1
     788     416     434     409       3       1
     789     404     423     435       3       1
     790     427     402     433       3       1
     791     435     424     404       3       1
     792     406     436     423       3       1
     793     409     437     422       3       1
     794     406     426     436       3       1
     795     420     438     412       3       1
     796     424     439     408       3       1
     797     411     422     440       3       1
     798     439     428     408       3       1
     799     441     426     410       3       1
     800     427     434     416       3       1
     801     410     429     441       3       1
     802     412     438     430       3       1
     803     434     437     409       3       1
     804     411     440     432       3       1
     805     442     414     428       3       1
     806     431     414     442       3       1
     807     443     420     425       3       1
     808     444     417     431       3       1
     809     433     417     444       3       1
     810     443     438     420       3       1
     811     432     445     425       3       1
     812     423     446     435       3       1
     813     423     436     446       3       1
     814     435     447     424       3       1
     815     448     422     437       3       1
     816     427     433     449       3       1
     817     447     439     424       3       1
     818     448     440     422       3       1
     819     450     434     427       3       1
     820     425     445     443       3       1
     821     436     426     451       3       1
     822     441     451     426       3       1
     823     439     452     428       3       1
     824     452     442     428       3       1
     825     434     453     437       3       1
     826     440     454     432       3       1
     827     450     427     449       3       1
     828     433     444     449       3       1
     829     455     431     442       3       1
     830     444     431     455       3       1
     831     432     454     445       3       1
     832     435     446     456       3       1
     833     450     453     434       3       1
     834     435     456     447       3       1
     835     436     457     446       3       1
     836     437     458     448       3       1
     837     436     451     457       3       1
     838     447     459     439       3       1
     839     460     440     448       3       1
     840     458     437     453       3       1
     841     459     452     439       3       1
     842     460     454     440       3       1
     843     449     444     461       3       1
     844     452     462     442       3       1
     845     462     455     442       3       1
     846     463     450     449       3       1
     847     464     444     455       3       1
     848     465     456     446       3       1
     849     446     457     465       3       1
     850     450     466     453       3       1
     851     464     461     444       3       1
     852     447     456     467       3       1
     853     463     449     461       3       1
     854     447     467     459       3       1
     855     468     448     458       3       1
     856     448     468     460       3       1
     857     463     466     450       3       1
     858     469     458     453       3       1
     859     459     470     452       3       1
     860     470     462     452       3       1
     861     469     453     466       3       1
     862     462     471     455       3       1
     863     471     464     455       3       1
     864     465     472     456       3       1
     865     456     472     467       3       1
     866     461     473     463       3       1
     867     464     474     461       3       1
     868     475     468     458       3       1
     869     475     458     469       3       1
     870     467     476     459       3       1
     871     476     470     459       3       1
     872     477     466     463       3       1
     873     461     474     473       3       1
     874     471     474     464       3       1
     875     470     478     462       3       1
     876     478     471     462       3       1
     877     477     463     473       3       1
     878     466     479     469       3       1
     879     467     472     480       3       1
     880     477     479     466       3       1
     881     467     480     476       3       1
     882     469     481     475       3       1
     883     471     482     474       3       1
     884     476     483     470       3       1
     885     479     481     469       3       1
     886     484     473     474       3       1
     887     470     483     478       3       1
     888     478     482     471       3       1
     889     485     477     473       3       1
     890     480     486     476       3       1
     891     485     473     484       3       1
     892     477     487     479       3       1
     893     488     474     482       3       1
     894     486     483     476       3       1
     895     488     484     474       3       1
     896     489     482     478       3       1
     897     485     487     477       3       1
     898     490     481     479       3       1
     899     483     489     478       3       1
     900     490     479     487       3       1
     901     486     491     483       3       1
     902     484     492     485       3       1
     903     483     491     489       3       1
     904     488     482     493       3       1
     905     489     493     482       3       1
     906     488     492     484       3       1
     907     494     487     485       3       1
     908     492     494     485       3       1
     909     487     495     490       3       1
     910     491     496     489       3       1
     911     494     495     487       3       1
     912     488     497     492       3       1
     913     496     493     489       3       1
     914     488     493     497       3       1
     915     492     498     494       3       1
     916     494     499     495       3       1
     917     496     500     493       3       1
     918     493     500     497       3       1
     919     492     497     501       3       1
     920     498     499     494       3       1
     921     492     501     498       3       1
     922     497     500     502       3       1
     923     497     502     501       3       1
     924     503     499     498       3       1
     925     501     504     498       3       1
     926     504     503     498       3       1
     927     501     502     505       3       1
     928     501     505     504       3       1
     929     504     506     503       3       1
     930     504     505     506       3       1
     END
      21    XTRA    YTRA    ZTRA    XROT    YROT    ZROT
       2       1       2       3       4       5       6
       4       1       2       3       4       5       6
       8       1       2       3       4       5       6
      14       1       2       3       4       5       6
      22       1       2       3       4       5       6
      32       1       2       3       4       5       6
      44       1       2       3       4       5       6
      57       1       2       3       4       5       6
      72       1       2       3       4       5       6
      91       1       2       3       4       5       6
     111       1       2       3       4       5       6
     131       1       2       3       4       5       6
     154       1       2       3       4       5       6
     180       1       2       3       4       5       6
     208       1       2       3       4       5       6
     236       1       2       3       4       5       6
     270       1       2       3       4       5       6
     302       1       2       3       4       5       6
     338       1       2       3       4       5       6
     377       1       2       3       4       5       6
     418       1       2       3       4       5       6
     END
       1              E              G              h            RHO          GAMMA             Ix          ALPHA           BETA
       1      0.100D+01      0.100D+01      0.100D+01      0.100D+01      0.100D+01      0.100D+01      0.150D+01      0.500D+00
     END
