01601         X
00001     0.00000000000000000e+00
00002     2.00000000000000004e-02
00003     4.00000000000000008e-02
00004     5.99999999999999978e-02
00005     8.00000000000000017e-02
00006     1.00000000000000006e-01
00007     1.19999999999999996e-01
00008     1.40000000000000013e-01
00009     1.60000000000000003e-01
00010     1.79999999999999993e-01
00011     2.00000000000000011e-01
00012     2.20000000000000001e-01
00013     2.39999999999999991e-01
00014     2.60000000000000009e-01
00015     2.80000000000000027e-01
00016     2.99999999999999989e-01
00017     3.20000000000000007e-01
00018     3.40000000000000024e-01
00019     3.59999999999999987e-01
00020     3.80000000000000004e-01
00021     4.00000000000000022e-01
00022     4.19999999999999984e-01
00023     4.40000000000000002e-01
00024     4.60000000000000020e-01
00025     4.79999999999999982e-01
00026     5.00000000000000000e-01
00027     5.20000000000000018e-01
00028     5.40000000000000036e-01
00029     5.60000000000000053e-01
00030     5.79999999999999960e-01
00031     5.99999999999999978e-01
00032     6.19999999999999996e-01
00033     6.40000000000000013e-01
00034     6.60000000000000031e-01
00035     6.80000000000000049e-01
00036     7.00000000000000067e-01
00037     7.19999999999999973e-01
00038     7.39999999999999991e-01
00039     7.60000000000000009e-01
00040     7.80000000000000027e-01
00041     8.00000000000000044e-01
00042     8.20000000000000062e-01
00043     8.39999999999999969e-01
00044     8.59999999999999987e-01
00045     8.80000000000000004e-01
00046     9.00000000000000022e-01
00047     9.20000000000000040e-01
00048     9.40000000000000058e-01
00049     9.59999999999999964e-01
00050     9.79999999999999982e-01
00051     1.00000000000000000e+00
00052     1.02000000000000002e+00
00053     1.04000000000000004e+00
00054     1.06000000000000005e+00
00055     1.08000000000000007e+00
00056     1.10000000000000009e+00
00057     1.12000000000000011e+00
00058     1.14000000000000012e+00
00059     1.15999999999999992e+00
00060     1.17999999999999994e+00
00061     1.19999999999999996e+00
00062     1.21999999999999997e+00
00063     1.23999999999999999e+00
00064     1.26000000000000001e+00
00065     1.28000000000000003e+00
00066     1.30000000000000004e+00
00067     1.32000000000000006e+00
00068     1.34000000000000008e+00
00069     1.36000000000000010e+00
00070     1.38000000000000012e+00
00071     1.40000000000000013e+00
00072     1.41999999999999993e+00
00073     1.43999999999999995e+00
00074     1.45999999999999996e+00
00075     1.47999999999999998e+00
00076     1.50000000000000000e+00
00077     1.52000000000000002e+00
00078     1.54000000000000004e+00
00079     1.56000000000000005e+00
00080     1.58000000000000007e+00
00081     1.60000000000000009e+00
00082     1.62000000000000011e+00
00083     1.64000000000000012e+00
00084     1.66000000000000014e+00
00085     1.67999999999999994e+00
00086     1.69999999999999996e+00
00087     1.71999999999999997e+00
00088     1.73999999999999999e+00
00089     1.76000000000000001e+00
00090     1.78000000000000003e+00
00091     1.80000000000000004e+00
00092     1.82000000000000006e+00
00093     1.84000000000000008e+00
00094     1.86000000000000010e+00
00095     1.88000000000000012e+00
00096     1.90000000000000013e+00
00097     1.91999999999999993e+00
00098     1.93999999999999995e+00
00099     1.95999999999999996e+00
00100     1.97999999999999998e+00
00101     2.00000000000000000e+00
00102     2.02000000000000002e+00
00103     2.04000000000000004e+00
00104     2.06000000000000005e+00
00105     2.08000000000000007e+00
00106     2.10000000000000009e+00
00107     2.12000000000000011e+00
00108     2.14000000000000012e+00
00109     2.16000000000000014e+00
00110     2.18000000000000016e+00
00111     2.20000000000000018e+00
00112     2.22000000000000020e+00
00113     2.24000000000000021e+00
00114     2.26000000000000023e+00
00115     2.28000000000000025e+00
00116     2.30000000000000027e+00
00117     2.31999999999999984e+00
00118     2.33999999999999986e+00
00119     2.35999999999999988e+00
00120     2.37999999999999989e+00
00121     2.39999999999999991e+00
00122     2.41999999999999993e+00
00123     2.43999999999999995e+00
00124     2.45999999999999996e+00
00125     2.47999999999999998e+00
00126     2.50000000000000000e+00
00127     2.52000000000000002e+00
00128     2.54000000000000004e+00
00129     2.56000000000000005e+00
00130     2.58000000000000007e+00
00131     2.60000000000000009e+00
00132     2.62000000000000011e+00
00133     2.64000000000000012e+00
00134     2.66000000000000014e+00
00135     2.68000000000000016e+00
00136     2.70000000000000018e+00
00137     2.72000000000000020e+00
00138     2.74000000000000021e+00
00139     2.76000000000000023e+00
00140     2.78000000000000025e+00
00141     2.80000000000000027e+00
00142     2.81999999999999984e+00
00143     2.83999999999999986e+00
00144     2.85999999999999988e+00
00145     2.87999999999999989e+00
00146     2.89999999999999991e+00
00147     2.91999999999999993e+00
00148     2.93999999999999995e+00
00149     2.95999999999999996e+00
00150     2.97999999999999998e+00
00151     3.00000000000000000e+00
00152     3.02000000000000002e+00
00153     3.04000000000000004e+00
00154     3.06000000000000005e+00
00155     3.08000000000000007e+00
00156     3.10000000000000009e+00
00157     3.12000000000000011e+00
00158     3.14000000000000012e+00
00159     3.16000000000000014e+00
00160     3.18000000000000016e+00
00161     3.20000000000000018e+00
00162     3.22000000000000020e+00
00163     3.24000000000000021e+00
00164     3.26000000000000023e+00
00165     3.28000000000000025e+00
00166     3.30000000000000027e+00
00167     3.32000000000000028e+00
00168     3.33999999999999986e+00
00169     3.35999999999999988e+00
00170     3.37999999999999989e+00
00171     3.39999999999999991e+00
00172     3.41999999999999993e+00
00173     3.43999999999999995e+00
00174     3.45999999999999996e+00
00175     3.47999999999999998e+00
00176     3.50000000000000000e+00
00177     3.52000000000000002e+00
00178     3.54000000000000004e+00
00179     3.56000000000000005e+00
00180     3.58000000000000007e+00
00181     3.60000000000000009e+00
00182     3.62000000000000011e+00
00183     3.64000000000000012e+00
00184     3.66000000000000014e+00
00185     3.68000000000000016e+00
00186     3.70000000000000018e+00
00187     3.72000000000000020e+00
00188     3.74000000000000021e+00
00189     3.76000000000000023e+00
00190     3.78000000000000025e+00
00191     3.80000000000000027e+00
00192     3.82000000000000028e+00
00193     3.83999999999999986e+00
00194     3.85999999999999988e+00
00195     3.87999999999999989e+00
00196     3.89999999999999991e+00
00197     3.91999999999999993e+00
00198     3.93999999999999995e+00
00199     3.95999999999999996e+00
00200     3.97999999999999998e+00
00201     4.00000000000000000e+00
00202     4.02000000000000046e+00
00203     4.04000000000000004e+00
00204     4.06000000000000050e+00
00205     4.08000000000000007e+00
00206     4.09999999999999964e+00
00207     4.12000000000000011e+00
00208     4.13999999999999968e+00
00209     4.16000000000000014e+00
00210     4.17999999999999972e+00
00211     4.20000000000000018e+00
00212     4.21999999999999975e+00
00213     4.24000000000000021e+00
00214     4.25999999999999979e+00
00215     4.28000000000000025e+00
00216     4.29999999999999982e+00
00217     4.32000000000000028e+00
00218     4.33999999999999986e+00
00219     4.36000000000000032e+00
00220     4.37999999999999989e+00
00221     4.40000000000000036e+00
00222     4.41999999999999993e+00
00223     4.44000000000000039e+00
00224     4.45999999999999996e+00
00225     4.48000000000000043e+00
00226     4.50000000000000000e+00
00227     4.52000000000000046e+00
00228     4.54000000000000004e+00
00229     4.56000000000000050e+00
00230     4.58000000000000007e+00
00231     4.60000000000000053e+00
00232     4.62000000000000011e+00
00233     4.63999999999999968e+00
00234     4.66000000000000014e+00
00235     4.67999999999999972e+00
00236     4.70000000000000018e+00
00237     4.71999999999999975e+00
00238     4.74000000000000021e+00
00239     4.75999999999999979e+00
00240     4.78000000000000025e+00
00241     4.79999999999999982e+00
00242     4.82000000000000028e+00
00243     4.83999999999999986e+00
00244     4.86000000000000032e+00
00245     4.87999999999999989e+00
00246     4.90000000000000036e+00
00247     4.91999999999999993e+00
00248     4.94000000000000039e+00
00249     4.95999999999999996e+00
00250     4.98000000000000043e+00
00251     5.00000000000000000e+00
00252     5.02000000000000046e+00
00253     5.04000000000000004e+00
00254     5.06000000000000050e+00
00255     5.08000000000000007e+00
00256     5.10000000000000053e+00
00257     5.12000000000000011e+00
00258     5.13999999999999968e+00
00259     5.16000000000000014e+00
00260     5.17999999999999972e+00
00261     5.20000000000000018e+00
00262     5.21999999999999975e+00
00263     5.24000000000000021e+00
00264     5.25999999999999979e+00
00265     5.28000000000000025e+00
00266     5.29999999999999982e+00
00267     5.32000000000000028e+00
00268     5.33999999999999986e+00
00269     5.36000000000000032e+00
00270     5.37999999999999989e+00
00271     5.40000000000000036e+00
00272     5.41999999999999993e+00
00273     5.44000000000000039e+00
00274     5.45999999999999996e+00
00275     5.48000000000000043e+00
00276     5.50000000000000000e+00
00277     5.52000000000000046e+00
00278     5.54000000000000004e+00
00279     5.56000000000000050e+00
00280     5.58000000000000007e+00
00281     5.60000000000000053e+00
00282     5.62000000000000011e+00
00283     5.63999999999999968e+00
00284     5.66000000000000014e+00
00285     5.67999999999999972e+00
00286     5.70000000000000018e+00
00287     5.71999999999999975e+00
00288     5.74000000000000021e+00
00289     5.75999999999999979e+00
00290     5.78000000000000025e+00
00291     5.79999999999999982e+00
00292     5.82000000000000028e+00
00293     5.83999999999999986e+00
00294     5.86000000000000032e+00
00295     5.87999999999999989e+00
00296     5.90000000000000036e+00
00297     5.91999999999999993e+00
00298     5.94000000000000039e+00
00299     5.95999999999999996e+00
00300     5.98000000000000043e+00
00301     6.00000000000000000e+00
00302     6.02000000000000046e+00
00303     6.04000000000000004e+00
00304     6.06000000000000050e+00
00305     6.08000000000000007e+00
00306     6.10000000000000053e+00
00307     6.12000000000000011e+00
00308     6.14000000000000057e+00
00309     6.16000000000000014e+00
00310     6.17999999999999972e+00
00311     6.20000000000000018e+00
00312     6.21999999999999975e+00
00313     6.24000000000000021e+00
00314     6.25999999999999979e+00
00315     6.28000000000000025e+00
00316     6.29999999999999982e+00
00317     6.32000000000000028e+00
00318     6.33999999999999986e+00
00319     6.36000000000000032e+00
00320     6.37999999999999989e+00
00321     6.40000000000000036e+00
00322     6.41999999999999993e+00
00323     6.44000000000000039e+00
00324     6.45999999999999996e+00
00325     6.48000000000000043e+00
00326     6.50000000000000000e+00
00327     6.52000000000000046e+00
00328     6.54000000000000004e+00
00329     6.56000000000000050e+00
00330     6.58000000000000007e+00
00331     6.60000000000000053e+00
00332     6.62000000000000011e+00
00333     6.64000000000000057e+00
00334     6.66000000000000014e+00
00335     6.67999999999999972e+00
00336     6.70000000000000018e+00
00337     6.71999999999999975e+00
00338     6.74000000000000021e+00
00339     6.75999999999999979e+00
00340     6.78000000000000025e+00
00341     6.79999999999999982e+00
00342     6.82000000000000028e+00
00343     6.83999999999999986e+00
00344     6.86000000000000032e+00
00345     6.87999999999999989e+00
00346     6.90000000000000036e+00
00347     6.91999999999999993e+00
00348     6.94000000000000039e+00
00349     6.95999999999999996e+00
00350     6.98000000000000043e+00
00351     7.00000000000000000e+00
00352     7.02000000000000046e+00
00353     7.04000000000000004e+00
00354     7.06000000000000050e+00
00355     7.08000000000000007e+00
00356     7.10000000000000053e+00
00357     7.12000000000000011e+00
00358     7.14000000000000057e+00
00359     7.16000000000000014e+00
00360     7.17999999999999972e+00
00361     7.20000000000000018e+00
00362     7.21999999999999975e+00
00363     7.24000000000000021e+00
00364     7.25999999999999979e+00
00365     7.28000000000000025e+00
00366     7.29999999999999982e+00
00367     7.32000000000000028e+00
00368     7.33999999999999986e+00
00369     7.36000000000000032e+00
00370     7.37999999999999989e+00
00371     7.40000000000000036e+00
00372     7.41999999999999993e+00
00373     7.44000000000000039e+00
00374     7.45999999999999996e+00
00375     7.48000000000000043e+00
00376     7.50000000000000000e+00
00377     7.52000000000000046e+00
00378     7.54000000000000004e+00
00379     7.56000000000000050e+00
00380     7.58000000000000007e+00
00381     7.60000000000000053e+00
00382     7.62000000000000011e+00
00383     7.64000000000000057e+00
00384     7.66000000000000014e+00
00385     7.67999999999999972e+00
00386     7.70000000000000018e+00
00387     7.71999999999999975e+00
00388     7.74000000000000021e+00
00389     7.75999999999999979e+00
00390     7.78000000000000025e+00
00391     7.79999999999999982e+00
00392     7.82000000000000028e+00
00393     7.83999999999999986e+00
00394     7.86000000000000032e+00
00395     7.87999999999999989e+00
00396     7.90000000000000036e+00
00397     7.91999999999999993e+00
00398     7.94000000000000039e+00
00399     7.95999999999999996e+00
00400     7.98000000000000043e+00
00401     8.00000000000000000e+00
00402     8.01999999999999957e+00
00403     8.04000000000000092e+00
00404     8.06000000000000050e+00
00405     8.08000000000000007e+00
00406     8.09999999999999964e+00
00407     8.12000000000000099e+00
00408     8.14000000000000057e+00
00409     8.16000000000000014e+00
00410     8.17999999999999972e+00
00411     8.19999999999999929e+00
00412     8.22000000000000064e+00
00413     8.24000000000000021e+00
00414     8.25999999999999979e+00
00415     8.27999999999999936e+00
00416     8.30000000000000071e+00
00417     8.32000000000000028e+00
00418     8.33999999999999986e+00
00419     8.35999999999999943e+00
00420     8.38000000000000078e+00
00421     8.40000000000000036e+00
00422     8.41999999999999993e+00
00423     8.43999999999999950e+00
00424     8.46000000000000085e+00
00425     8.48000000000000043e+00
00426     8.50000000000000000e+00
00427     8.51999999999999957e+00
00428     8.54000000000000092e+00
00429     8.56000000000000050e+00
00430     8.58000000000000007e+00
00431     8.59999999999999964e+00
00432     8.62000000000000099e+00
00433     8.64000000000000057e+00
00434     8.66000000000000014e+00
00435     8.67999999999999972e+00
00436     8.70000000000000107e+00
00437     8.72000000000000064e+00
00438     8.74000000000000021e+00
00439     8.75999999999999979e+00
00440     8.77999999999999936e+00
00441     8.80000000000000071e+00
00442     8.82000000000000028e+00
00443     8.83999999999999986e+00
00444     8.85999999999999943e+00
00445     8.88000000000000078e+00
00446     8.90000000000000036e+00
00447     8.91999999999999993e+00
00448     8.93999999999999950e+00
00449     8.96000000000000085e+00
00450     8.98000000000000043e+00
00451     9.00000000000000000e+00
00452     9.01999999999999957e+00
00453     9.04000000000000092e+00
00454     9.06000000000000050e+00
00455     9.08000000000000007e+00
00456     9.09999999999999964e+00
00457     9.12000000000000099e+00
00458     9.14000000000000057e+00
00459     9.16000000000000014e+00
00460     9.17999999999999972e+00
00461     9.20000000000000107e+00
00462     9.22000000000000064e+00
00463     9.24000000000000021e+00
00464     9.25999999999999979e+00
00465     9.27999999999999936e+00
00466     9.30000000000000071e+00
00467     9.32000000000000028e+00
00468     9.33999999999999986e+00
00469     9.35999999999999943e+00
00470     9.38000000000000078e+00
00471     9.40000000000000036e+00
00472     9.41999999999999993e+00
00473     9.43999999999999950e+00
00474     9.46000000000000085e+00
00475     9.48000000000000043e+00
00476     9.50000000000000000e+00
00477     9.51999999999999957e+00
00478     9.54000000000000092e+00
00479     9.56000000000000050e+00
00480     9.58000000000000007e+00
00481     9.59999999999999964e+00
00482     9.62000000000000099e+00
00483     9.64000000000000057e+00
00484     9.66000000000000014e+00
00485     9.67999999999999972e+00
00486     9.70000000000000107e+00
00487     9.72000000000000064e+00
00488     9.74000000000000021e+00
00489     9.75999999999999979e+00
00490     9.77999999999999936e+00
00491     9.80000000000000071e+00
00492     9.82000000000000028e+00
00493     9.83999999999999986e+00
00494     9.85999999999999943e+00
00495     9.88000000000000078e+00
00496     9.90000000000000036e+00
00497     9.91999999999999993e+00
00498     9.93999999999999950e+00
00499     9.96000000000000085e+00
00500     9.98000000000000043e+00
00501     1.00000000000000000e+01
00502     1.00199999999999996e+01
00503     1.00400000000000009e+01
00504     1.00600000000000005e+01
00505     1.00800000000000001e+01
00506     1.00999999999999996e+01
00507     1.01200000000000010e+01
00508     1.01400000000000006e+01
00509     1.01600000000000001e+01
00510     1.01799999999999997e+01
00511     1.02000000000000011e+01
00512     1.02200000000000006e+01
00513     1.02400000000000002e+01
00514     1.02599999999999998e+01
00515     1.02799999999999994e+01
00516     1.03000000000000007e+01
00517     1.03200000000000003e+01
00518     1.03399999999999999e+01
00519     1.03599999999999994e+01
00520     1.03800000000000008e+01
00521     1.04000000000000004e+01
00522     1.04199999999999999e+01
00523     1.04399999999999995e+01
00524     1.04600000000000009e+01
00525     1.04800000000000004e+01
00526     1.05000000000000000e+01
00527     1.05199999999999996e+01
00528     1.05400000000000009e+01
00529     1.05600000000000005e+01
00530     1.05800000000000001e+01
00531     1.05999999999999996e+01
00532     1.06200000000000010e+01
00533     1.06400000000000006e+01
00534     1.06600000000000001e+01
00535     1.06799999999999997e+01
00536     1.07000000000000011e+01
00537     1.07200000000000006e+01
00538     1.07400000000000002e+01
00539     1.07599999999999998e+01
00540     1.07799999999999994e+01
00541     1.08000000000000007e+01
00542     1.08200000000000003e+01
00543     1.08399999999999999e+01
00544     1.08599999999999994e+01
00545     1.08800000000000008e+01
00546     1.09000000000000004e+01
00547     1.09199999999999999e+01
00548     1.09399999999999995e+01
00549     1.09600000000000009e+01
00550     1.09800000000000004e+01
00551     1.10000000000000000e+01
00552     1.10199999999999996e+01
00553     1.10400000000000009e+01
00554     1.10600000000000005e+01
00555     1.10800000000000001e+01
00556     1.10999999999999996e+01
00557     1.11200000000000010e+01
00558     1.11400000000000006e+01
00559     1.11600000000000001e+01
00560     1.11799999999999997e+01
00561     1.12000000000000011e+01
00562     1.12200000000000006e+01
00563     1.12400000000000002e+01
00564     1.12599999999999998e+01
00565     1.12799999999999994e+01
00566     1.13000000000000007e+01
00567     1.13200000000000003e+01
00568     1.13399999999999999e+01
00569     1.13599999999999994e+01
00570     1.13800000000000008e+01
00571     1.14000000000000004e+01
00572     1.14199999999999999e+01
00573     1.14399999999999995e+01
00574     1.14600000000000009e+01
00575     1.14800000000000004e+01
00576     1.15000000000000000e+01
00577     1.15199999999999996e+01
00578     1.15400000000000009e+01
00579     1.15600000000000005e+01
00580     1.15800000000000001e+01
00581     1.15999999999999996e+01
00582     1.16200000000000010e+01
00583     1.16400000000000006e+01
00584     1.16600000000000001e+01
00585     1.16799999999999997e+01
00586     1.17000000000000011e+01
00587     1.17200000000000006e+01
00588     1.17400000000000002e+01
00589     1.17599999999999998e+01
00590     1.17799999999999994e+01
00591     1.18000000000000007e+01
00592     1.18200000000000003e+01
00593     1.18399999999999999e+01
00594     1.18599999999999994e+01
00595     1.18800000000000008e+01
00596     1.19000000000000004e+01
00597     1.19199999999999999e+01
00598     1.19399999999999995e+01
00599     1.19600000000000009e+01
00600     1.19800000000000004e+01
00601     1.20000000000000000e+01
00602     1.20199999999999996e+01
00603     1.20400000000000009e+01
00604     1.20600000000000005e+01
00605     1.20800000000000001e+01
00606     1.20999999999999996e+01
00607     1.21200000000000010e+01
00608     1.21400000000000006e+01
00609     1.21600000000000001e+01
00610     1.21799999999999997e+01
00611     1.22000000000000011e+01
00612     1.22200000000000006e+01
00613     1.22400000000000002e+01
00614     1.22599999999999998e+01
00615     1.22800000000000011e+01
00616     1.23000000000000007e+01
00617     1.23200000000000003e+01
00618     1.23399999999999999e+01
00619     1.23599999999999994e+01
00620     1.23800000000000008e+01
00621     1.24000000000000004e+01
00622     1.24199999999999999e+01
00623     1.24399999999999995e+01
00624     1.24600000000000009e+01
00625     1.24800000000000004e+01
00626     1.25000000000000000e+01
00627     1.25199999999999996e+01
00628     1.25400000000000009e+01
00629     1.25600000000000005e+01
00630     1.25800000000000001e+01
00631     1.25999999999999996e+01
00632     1.26200000000000010e+01
00633     1.26400000000000006e+01
00634     1.26600000000000001e+01
00635     1.26799999999999997e+01
00636     1.27000000000000011e+01
00637     1.27200000000000006e+01
00638     1.27400000000000002e+01
00639     1.27599999999999998e+01
00640     1.27800000000000011e+01
00641     1.28000000000000007e+01
00642     1.28200000000000003e+01
00643     1.28399999999999999e+01
00644     1.28599999999999994e+01
00645     1.28800000000000008e+01
00646     1.29000000000000004e+01
00647     1.29199999999999999e+01
00648     1.29399999999999995e+01
00649     1.29600000000000009e+01
00650     1.29800000000000004e+01
00651     1.30000000000000000e+01
00652     1.30199999999999996e+01
00653     1.30400000000000009e+01
00654     1.30600000000000005e+01
00655     1.30800000000000001e+01
00656     1.30999999999999996e+01
00657     1.31200000000000010e+01
00658     1.31400000000000006e+01
00659     1.31600000000000001e+01
00660     1.31799999999999997e+01
00661     1.32000000000000011e+01
00662     1.32200000000000006e+01
00663     1.32400000000000002e+01
00664     1.32599999999999998e+01
00665     1.32800000000000011e+01
00666     1.33000000000000007e+01
00667     1.33200000000000003e+01
00668     1.33399999999999999e+01
00669     1.33599999999999994e+01
00670     1.33800000000000008e+01
00671     1.34000000000000004e+01
00672     1.34199999999999999e+01
00673     1.34399999999999995e+01
00674     1.34600000000000009e+01
00675     1.34800000000000004e+01
00676     1.35000000000000000e+01
00677     1.35199999999999996e+01
00678     1.35400000000000009e+01
00679     1.35600000000000005e+01
00680     1.35800000000000001e+01
00681     1.35999999999999996e+01
00682     1.36200000000000010e+01
00683     1.36400000000000006e+01
00684     1.36600000000000001e+01
00685     1.36799999999999997e+01
00686     1.37000000000000011e+01
00687     1.37200000000000006e+01
00688     1.37400000000000002e+01
00689     1.37599999999999998e+01
00690     1.37800000000000011e+01
00691     1.38000000000000007e+01
00692     1.38200000000000003e+01
00693     1.38399999999999999e+01
00694     1.38599999999999994e+01
00695     1.38800000000000008e+01
00696     1.39000000000000004e+01
00697     1.39199999999999999e+01
00698     1.39399999999999995e+01
00699     1.39600000000000009e+01
00700     1.39800000000000004e+01
00701     1.40000000000000000e+01
00702     1.40199999999999996e+01
00703     1.40400000000000009e+01
00704     1.40600000000000005e+01
00705     1.40800000000000001e+01
00706     1.40999999999999996e+01
00707     1.41200000000000010e+01
00708     1.41400000000000006e+01
00709     1.41600000000000001e+01
00710     1.41799999999999997e+01
00711     1.42000000000000011e+01
00712     1.42200000000000006e+01
00713     1.42400000000000002e+01
00714     1.42599999999999998e+01
00715     1.42800000000000011e+01
00716     1.43000000000000007e+01
00717     1.43200000000000003e+01
00718     1.43399999999999999e+01
00719     1.43599999999999994e+01
00720     1.43800000000000008e+01
00721     1.44000000000000004e+01
00722     1.44199999999999999e+01
00723     1.44399999999999995e+01
00724     1.44600000000000009e+01
00725     1.44800000000000004e+01
00726     1.45000000000000000e+01
00727     1.45199999999999996e+01
00728     1.45400000000000009e+01
00729     1.45600000000000005e+01
00730     1.45800000000000001e+01
00731     1.45999999999999996e+01
00732     1.46200000000000010e+01
00733     1.46400000000000006e+01
00734     1.46600000000000001e+01
00735     1.46799999999999997e+01
00736     1.47000000000000011e+01
00737     1.47200000000000006e+01
00738     1.47400000000000002e+01
00739     1.47599999999999998e+01
00740     1.47800000000000011e+01
00741     1.48000000000000007e+01
00742     1.48200000000000003e+01
00743     1.48399999999999999e+01
00744     1.48599999999999994e+01
00745     1.48800000000000008e+01
00746     1.49000000000000004e+01
00747     1.49199999999999999e+01
00748     1.49399999999999995e+01
00749     1.49600000000000009e+01
00750     1.49800000000000004e+01
00751     1.50000000000000000e+01
00752     1.50199999999999996e+01
00753     1.50400000000000009e+01
00754     1.50600000000000005e+01
00755     1.50800000000000001e+01
00756     1.50999999999999996e+01
00757     1.51200000000000010e+01
00758     1.51400000000000006e+01
00759     1.51600000000000001e+01
00760     1.51799999999999997e+01
00761     1.52000000000000011e+01
00762     1.52200000000000006e+01
00763     1.52400000000000002e+01
00764     1.52599999999999998e+01
00765     1.52800000000000011e+01
00766     1.53000000000000007e+01
00767     1.53200000000000003e+01
00768     1.53399999999999999e+01
00769     1.53599999999999994e+01
00770     1.53800000000000008e+01
00771     1.54000000000000004e+01
00772     1.54199999999999999e+01
00773     1.54399999999999995e+01
00774     1.54600000000000009e+01
00775     1.54800000000000004e+01
00776     1.55000000000000000e+01
00777     1.55199999999999996e+01
00778     1.55400000000000009e+01
00779     1.55600000000000005e+01
00780     1.55800000000000001e+01
00781     1.55999999999999996e+01
00782     1.56200000000000010e+01
00783     1.56400000000000006e+01
00784     1.56600000000000001e+01
00785     1.56799999999999997e+01
00786     1.57000000000000011e+01
00787     1.57200000000000006e+01
00788     1.57400000000000002e+01
00789     1.57599999999999998e+01
00790     1.57800000000000011e+01
00791     1.58000000000000007e+01
00792     1.58200000000000003e+01
00793     1.58399999999999999e+01
00794     1.58600000000000012e+01
00795     1.58800000000000008e+01
00796     1.59000000000000004e+01
00797     1.59199999999999999e+01
00798     1.59399999999999995e+01
00799     1.59600000000000009e+01
00800     1.59800000000000004e+01
00801     1.60000000000000000e+01
00802     1.60199999999999996e+01
00803     1.60399999999999991e+01
00804     1.60599999999999987e+01
00805     1.60800000000000018e+01
00806     1.61000000000000014e+01
00807     1.61200000000000010e+01
00808     1.61400000000000006e+01
00809     1.61600000000000001e+01
00810     1.61799999999999997e+01
00811     1.61999999999999993e+01
00812     1.62199999999999989e+01
00813     1.62400000000000020e+01
00814     1.62600000000000016e+01
00815     1.62800000000000011e+01
00816     1.63000000000000007e+01
00817     1.63200000000000003e+01
00818     1.63399999999999999e+01
00819     1.63599999999999994e+01
00820     1.63799999999999990e+01
00821     1.63999999999999986e+01
00822     1.64200000000000017e+01
00823     1.64400000000000013e+01
00824     1.64600000000000009e+01
00825     1.64800000000000004e+01
00826     1.65000000000000000e+01
00827     1.65199999999999996e+01
00828     1.65399999999999991e+01
00829     1.65599999999999987e+01
00830     1.65800000000000018e+01
00831     1.66000000000000014e+01
00832     1.66200000000000010e+01
00833     1.66400000000000006e+01
00834     1.66600000000000001e+01
00835     1.66799999999999997e+01
00836     1.66999999999999993e+01
00837     1.67199999999999989e+01
00838     1.67400000000000020e+01
00839     1.67600000000000016e+01
00840     1.67800000000000011e+01
00841     1.68000000000000007e+01
00842     1.68200000000000003e+01
00843     1.68399999999999999e+01
00844     1.68599999999999994e+01
00845     1.68799999999999990e+01
00846     1.68999999999999986e+01
00847     1.69200000000000017e+01
00848     1.69400000000000013e+01
00849     1.69600000000000009e+01
00850     1.69800000000000004e+01
00851     1.70000000000000000e+01
00852     1.70199999999999996e+01
00853     1.70399999999999991e+01
00854     1.70599999999999987e+01
00855     1.70800000000000018e+01
00856     1.71000000000000014e+01
00857     1.71200000000000010e+01
00858     1.71400000000000006e+01
00859     1.71600000000000001e+01
00860     1.71799999999999997e+01
00861     1.71999999999999993e+01
00862     1.72199999999999989e+01
00863     1.72400000000000020e+01
00864     1.72600000000000016e+01
00865     1.72800000000000011e+01
00866     1.73000000000000007e+01
00867     1.73200000000000003e+01
00868     1.73399999999999999e+01
00869     1.73599999999999994e+01
00870     1.73799999999999990e+01
00871     1.74000000000000021e+01
00872     1.74200000000000017e+01
00873     1.74400000000000013e+01
00874     1.74600000000000009e+01
00875     1.74800000000000004e+01
00876     1.75000000000000000e+01
00877     1.75199999999999996e+01
00878     1.75399999999999991e+01
00879     1.75599999999999987e+01
00880     1.75800000000000018e+01
00881     1.76000000000000014e+01
00882     1.76200000000000010e+01
00883     1.76400000000000006e+01
00884     1.76600000000000001e+01
00885     1.76799999999999997e+01
00886     1.76999999999999993e+01
00887     1.77199999999999989e+01
00888     1.77400000000000020e+01
00889     1.77600000000000016e+01
00890     1.77800000000000011e+01
00891     1.78000000000000007e+01
00892     1.78200000000000003e+01
00893     1.78399999999999999e+01
00894     1.78599999999999994e+01
00895     1.78799999999999990e+01
00896     1.79000000000000021e+01
00897     1.79200000000000017e+01
00898     1.79400000000000013e+01
00899     1.79600000000000009e+01
00900     1.79800000000000004e+01
00901     1.80000000000000000e+01
00902     1.80199999999999996e+01
00903     1.80399999999999991e+01
00904     1.80599999999999987e+01
00905     1.80800000000000018e+01
00906     1.81000000000000014e+01
00907     1.81200000000000010e+01
00908     1.81400000000000006e+01
00909     1.81600000000000001e+01
00910     1.81799999999999997e+01
00911     1.81999999999999993e+01
00912     1.82199999999999989e+01
00913     1.82400000000000020e+01
00914     1.82600000000000016e+01
00915     1.82800000000000011e+01
00916     1.83000000000000007e+01
00917     1.83200000000000003e+01
00918     1.83399999999999999e+01
00919     1.83599999999999994e+01
00920     1.83799999999999990e+01
00921     1.84000000000000021e+01
00922     1.84200000000000017e+01
00923     1.84400000000000013e+01
00924     1.84600000000000009e+01
00925     1.84800000000000004e+01
00926     1.85000000000000000e+01
00927     1.85199999999999996e+01
00928     1.85399999999999991e+01
00929     1.85599999999999987e+01
00930     1.85800000000000018e+01
00931     1.86000000000000014e+01
00932     1.86200000000000010e+01
00933     1.86400000000000006e+01
00934     1.86600000000000001e+01
00935     1.86799999999999997e+01
00936     1.86999999999999993e+01
00937     1.87199999999999989e+01
00938     1.87400000000000020e+01
00939     1.87600000000000016e+01
00940     1.87800000000000011e+01
00941     1.88000000000000007e+01
00942     1.88200000000000003e+01
00943     1.88399999999999999e+01
00944     1.88599999999999994e+01
00945     1.88799999999999990e+01
00946     1.89000000000000021e+01
00947     1.89200000000000017e+01
00948     1.89400000000000013e+01
00949     1.89600000000000009e+01
00950     1.89800000000000004e+01
00951     1.90000000000000000e+01
00952     1.90199999999999996e+01
00953     1.90399999999999991e+01
00954     1.90599999999999987e+01
00955     1.90800000000000018e+01
00956     1.91000000000000014e+01
00957     1.91200000000000010e+01
00958     1.91400000000000006e+01
00959     1.91600000000000001e+01
00960     1.91799999999999997e+01
00961     1.91999999999999993e+01
00962     1.92199999999999989e+01
00963     1.92400000000000020e+01
00964     1.92600000000000016e+01
00965     1.92800000000000011e+01
00966     1.93000000000000007e+01
00967     1.93200000000000003e+01
00968     1.93399999999999999e+01
00969     1.93599999999999994e+01
00970     1.93799999999999990e+01
00971     1.94000000000000021e+01
00972     1.94200000000000017e+01
00973     1.94400000000000013e+01
00974     1.94600000000000009e+01
00975     1.94800000000000004e+01
00976     1.95000000000000000e+01
00977     1.95199999999999996e+01
00978     1.95399999999999991e+01
00979     1.95599999999999987e+01
00980     1.95800000000000018e+01
00981     1.96000000000000014e+01
00982     1.96200000000000010e+01
00983     1.96400000000000006e+01
00984     1.96600000000000001e+01
00985     1.96799999999999997e+01
00986     1.96999999999999993e+01
00987     1.97199999999999989e+01
00988     1.97400000000000020e+01
00989     1.97600000000000016e+01
00990     1.97800000000000011e+01
00991     1.98000000000000007e+01
00992     1.98200000000000003e+01
00993     1.98399999999999999e+01
00994     1.98599999999999994e+01
00995     1.98799999999999990e+01
00996     1.99000000000000021e+01
00997     1.99200000000000017e+01
00998     1.99400000000000013e+01
00999     1.99600000000000009e+01
01000     1.99800000000000004e+01
01001     2.00000000000000000e+01
01002     2.00199999999999996e+01
01003     2.00399999999999991e+01
01004     2.00599999999999987e+01
01005     2.00800000000000018e+01
01006     2.01000000000000014e+01
01007     2.01200000000000010e+01
01008     2.01400000000000006e+01
01009     2.01600000000000001e+01
01010     2.01799999999999997e+01
01011     2.01999999999999993e+01
01012     2.02199999999999989e+01
01013     2.02400000000000020e+01
01014     2.02600000000000016e+01
01015     2.02800000000000011e+01
01016     2.03000000000000007e+01
01017     2.03200000000000003e+01
01018     2.03399999999999999e+01
01019     2.03599999999999994e+01
01020     2.03799999999999990e+01
01021     2.04000000000000021e+01
01022     2.04200000000000017e+01
01023     2.04400000000000013e+01
01024     2.04600000000000009e+01
01025     2.04800000000000004e+01
01026     2.05000000000000000e+01
01027     2.05199999999999996e+01
01028     2.05399999999999991e+01
01029     2.05599999999999987e+01
01030     2.05800000000000018e+01
01031     2.06000000000000014e+01
01032     2.06200000000000010e+01
01033     2.06400000000000006e+01
01034     2.06600000000000001e+01
01035     2.06799999999999997e+01
01036     2.06999999999999993e+01
01037     2.07199999999999989e+01
01038     2.07400000000000020e+01
01039     2.07600000000000016e+01
01040     2.07800000000000011e+01
01041     2.08000000000000007e+01
01042     2.08200000000000003e+01
01043     2.08399999999999999e+01
01044     2.08599999999999994e+01
01045     2.08799999999999990e+01
01046     2.09000000000000021e+01
01047     2.09200000000000017e+01
01048     2.09400000000000013e+01
01049     2.09600000000000009e+01
01050     2.09800000000000004e+01
01051     2.10000000000000000e+01
01052     2.10199999999999996e+01
01053     2.10399999999999991e+01
01054     2.10599999999999987e+01
01055     2.10800000000000018e+01
01056     2.11000000000000014e+01
01057     2.11200000000000010e+01
01058     2.11400000000000006e+01
01059     2.11600000000000001e+01
01060     2.11799999999999997e+01
01061     2.11999999999999993e+01
01062     2.12199999999999989e+01
01063     2.12400000000000020e+01
01064     2.12600000000000016e+01
01065     2.12800000000000011e+01
01066     2.13000000000000007e+01
01067     2.13200000000000003e+01
01068     2.13399999999999999e+01
01069     2.13599999999999994e+01
01070     2.13799999999999990e+01
01071     2.14000000000000021e+01
01072     2.14200000000000017e+01
01073     2.14400000000000013e+01
01074     2.14600000000000009e+01
01075     2.14800000000000004e+01
01076     2.15000000000000000e+01
01077     2.15199999999999996e+01
01078     2.15399999999999991e+01
01079     2.15599999999999987e+01
01080     2.15800000000000018e+01
01081     2.16000000000000014e+01
01082     2.16200000000000010e+01
01083     2.16400000000000006e+01
01084     2.16600000000000001e+01
01085     2.16799999999999997e+01
01086     2.16999999999999993e+01
01087     2.17199999999999989e+01
01088     2.17400000000000020e+01
01089     2.17600000000000016e+01
01090     2.17800000000000011e+01
01091     2.18000000000000007e+01
01092     2.18200000000000003e+01
01093     2.18399999999999999e+01
01094     2.18599999999999994e+01
01095     2.18799999999999990e+01
01096     2.19000000000000021e+01
01097     2.19200000000000017e+01
01098     2.19400000000000013e+01
01099     2.19600000000000009e+01
01100     2.19800000000000004e+01
01101     2.20000000000000000e+01
01102     2.20199999999999996e+01
01103     2.20399999999999991e+01
01104     2.20599999999999987e+01
01105     2.20800000000000018e+01
01106     2.21000000000000014e+01
01107     2.21200000000000010e+01
01108     2.21400000000000006e+01
01109     2.21600000000000001e+01
01110     2.21799999999999997e+01
01111     2.21999999999999993e+01
01112     2.22199999999999989e+01
01113     2.22400000000000020e+01
01114     2.22600000000000016e+01
01115     2.22800000000000011e+01
01116     2.23000000000000007e+01
01117     2.23200000000000003e+01
01118     2.23399999999999999e+01
01119     2.23599999999999994e+01
01120     2.23799999999999990e+01
01121     2.24000000000000021e+01
01122     2.24200000000000017e+01
01123     2.24400000000000013e+01
01124     2.24600000000000009e+01
01125     2.24800000000000004e+01
01126     2.25000000000000000e+01
01127     2.25199999999999996e+01
01128     2.25399999999999991e+01
01129     2.25599999999999987e+01
01130     2.25800000000000018e+01
01131     2.26000000000000014e+01
01132     2.26200000000000010e+01
01133     2.26400000000000006e+01
01134     2.26600000000000001e+01
01135     2.26799999999999997e+01
01136     2.26999999999999993e+01
01137     2.27199999999999989e+01
01138     2.27400000000000020e+01
01139     2.27600000000000016e+01
01140     2.27800000000000011e+01
01141     2.28000000000000007e+01
01142     2.28200000000000003e+01
01143     2.28399999999999999e+01
01144     2.28599999999999994e+01
01145     2.28799999999999990e+01
01146     2.29000000000000021e+01
01147     2.29200000000000017e+01
01148     2.29400000000000013e+01
01149     2.29600000000000009e+01
01150     2.29800000000000004e+01
01151     2.30000000000000000e+01
01152     2.30199999999999996e+01
01153     2.30399999999999991e+01
01154     2.30599999999999987e+01
01155     2.30800000000000018e+01
01156     2.31000000000000014e+01
01157     2.31200000000000010e+01
01158     2.31400000000000006e+01
01159     2.31600000000000001e+01
01160     2.31799999999999997e+01
01161     2.31999999999999993e+01
01162     2.32199999999999989e+01
01163     2.32400000000000020e+01
01164     2.32600000000000016e+01
01165     2.32800000000000011e+01
01166     2.33000000000000007e+01
01167     2.33200000000000003e+01
01168     2.33399999999999999e+01
01169     2.33599999999999994e+01
01170     2.33799999999999990e+01
01171     2.34000000000000021e+01
01172     2.34200000000000017e+01
01173     2.34400000000000013e+01
01174     2.34600000000000009e+01
01175     2.34800000000000004e+01
01176     2.35000000000000000e+01
01177     2.35199999999999996e+01
01178     2.35399999999999991e+01
01179     2.35599999999999987e+01
01180     2.35800000000000018e+01
01181     2.36000000000000014e+01
01182     2.36200000000000010e+01
01183     2.36400000000000006e+01
01184     2.36600000000000001e+01
01185     2.36799999999999997e+01
01186     2.36999999999999993e+01
01187     2.37199999999999989e+01
01188     2.37400000000000020e+01
01189     2.37600000000000016e+01
01190     2.37800000000000011e+01
01191     2.38000000000000007e+01
01192     2.38200000000000003e+01
01193     2.38399999999999999e+01
01194     2.38599999999999994e+01
01195     2.38799999999999990e+01
01196     2.39000000000000021e+01
01197     2.39200000000000017e+01
01198     2.39400000000000013e+01
01199     2.39600000000000009e+01
01200     2.39800000000000004e+01
01201     2.40000000000000000e+01
01202     2.40199999999999996e+01
01203     2.40399999999999991e+01
01204     2.40600000000000023e+01
01205     2.40800000000000018e+01
01206     2.41000000000000014e+01
01207     2.41200000000000010e+01
01208     2.41400000000000006e+01
01209     2.41600000000000001e+01
01210     2.41799999999999997e+01
01211     2.41999999999999993e+01
01212     2.42199999999999989e+01
01213     2.42400000000000020e+01
01214     2.42600000000000016e+01
01215     2.42800000000000011e+01
01216     2.43000000000000007e+01
01217     2.43200000000000003e+01
01218     2.43399999999999999e+01
01219     2.43599999999999994e+01
01220     2.43799999999999990e+01
01221     2.44000000000000021e+01
01222     2.44200000000000017e+01
01223     2.44400000000000013e+01
01224     2.44600000000000009e+01
01225     2.44800000000000004e+01
01226     2.45000000000000000e+01
01227     2.45199999999999996e+01
01228     2.45399999999999991e+01
01229     2.45600000000000023e+01
01230     2.45800000000000018e+01
01231     2.46000000000000014e+01
01232     2.46200000000000010e+01
01233     2.46400000000000006e+01
01234     2.46600000000000001e+01
01235     2.46799999999999997e+01
01236     2.46999999999999993e+01
01237     2.47199999999999989e+01
01238     2.47400000000000020e+01
01239     2.47600000000000016e+01
01240     2.47800000000000011e+01
01241     2.48000000000000007e+01
01242     2.48200000000000003e+01
01243     2.48399999999999999e+01
01244     2.48599999999999994e+01
01245     2.48799999999999990e+01
01246     2.49000000000000021e+01
01247     2.49200000000000017e+01
01248     2.49400000000000013e+01
01249     2.49600000000000009e+01
01250     2.49800000000000004e+01
01251     2.50000000000000000e+01
01252     2.50199999999999996e+01
01253     2.50399999999999991e+01
01254     2.50600000000000023e+01
01255     2.50800000000000018e+01
01256     2.51000000000000014e+01
01257     2.51200000000000010e+01
01258     2.51400000000000006e+01
01259     2.51600000000000001e+01
01260     2.51799999999999997e+01
01261     2.51999999999999993e+01
01262     2.52199999999999989e+01
01263     2.52400000000000020e+01
01264     2.52600000000000016e+01
01265     2.52800000000000011e+01
01266     2.53000000000000007e+01
01267     2.53200000000000003e+01
01268     2.53399999999999999e+01
01269     2.53599999999999994e+01
01270     2.53799999999999990e+01
01271     2.54000000000000021e+01
01272     2.54200000000000017e+01
01273     2.54400000000000013e+01
01274     2.54600000000000009e+01
01275     2.54800000000000004e+01
01276     2.55000000000000000e+01
01277     2.55199999999999996e+01
01278     2.55399999999999991e+01
01279     2.55600000000000023e+01
01280     2.55800000000000018e+01
01281     2.56000000000000014e+01
01282     2.56200000000000010e+01
01283     2.56400000000000006e+01
01284     2.56600000000000001e+01
01285     2.56799999999999997e+01
01286     2.56999999999999993e+01
01287     2.57199999999999989e+01
01288     2.57400000000000020e+01
01289     2.57600000000000016e+01
01290     2.57800000000000011e+01
01291     2.58000000000000007e+01
01292     2.58200000000000003e+01
01293     2.58399999999999999e+01
01294     2.58599999999999994e+01
01295     2.58799999999999990e+01
01296     2.59000000000000021e+01
01297     2.59200000000000017e+01
01298     2.59400000000000013e+01
01299     2.59600000000000009e+01
01300     2.59800000000000004e+01
01301     2.60000000000000000e+01
01302     2.60199999999999996e+01
01303     2.60399999999999991e+01
01304     2.60600000000000023e+01
01305     2.60800000000000018e+01
01306     2.61000000000000014e+01
01307     2.61200000000000010e+01
01308     2.61400000000000006e+01
01309     2.61600000000000001e+01
01310     2.61799999999999997e+01
01311     2.61999999999999993e+01
01312     2.62199999999999989e+01
01313     2.62400000000000020e+01
01314     2.62600000000000016e+01
01315     2.62800000000000011e+01
01316     2.63000000000000007e+01
01317     2.63200000000000003e+01
01318     2.63399999999999999e+01
01319     2.63599999999999994e+01
01320     2.63799999999999990e+01
01321     2.64000000000000021e+01
01322     2.64200000000000017e+01
01323     2.64400000000000013e+01
01324     2.64600000000000009e+01
01325     2.64800000000000004e+01
01326     2.65000000000000000e+01
01327     2.65199999999999996e+01
01328     2.65399999999999991e+01
01329     2.65600000000000023e+01
01330     2.65800000000000018e+01
01331     2.66000000000000014e+01
01332     2.66200000000000010e+01
01333     2.66400000000000006e+01
01334     2.66600000000000001e+01
01335     2.66799999999999997e+01
01336     2.66999999999999993e+01
01337     2.67199999999999989e+01
01338     2.67400000000000020e+01
01339     2.67600000000000016e+01
01340     2.67800000000000011e+01
01341     2.68000000000000007e+01
01342     2.68200000000000003e+01
01343     2.68399999999999999e+01
01344     2.68599999999999994e+01
01345     2.68799999999999990e+01
01346     2.69000000000000021e+01
01347     2.69200000000000017e+01
01348     2.69400000000000013e+01
01349     2.69600000000000009e+01
01350     2.69800000000000004e+01
01351     2.70000000000000000e+01
01352     2.70199999999999996e+01
01353     2.70399999999999991e+01
01354     2.70600000000000023e+01
01355     2.70800000000000018e+01
01356     2.71000000000000014e+01
01357     2.71200000000000010e+01
01358     2.71400000000000006e+01
01359     2.71600000000000001e+01
01360     2.71799999999999997e+01
01361     2.71999999999999993e+01
01362     2.72199999999999989e+01
01363     2.72400000000000020e+01
01364     2.72600000000000016e+01
01365     2.72800000000000011e+01
01366     2.73000000000000007e+01
01367     2.73200000000000003e+01
01368     2.73399999999999999e+01
01369     2.73599999999999994e+01
01370     2.73799999999999990e+01
01371     2.74000000000000021e+01
01372     2.74200000000000017e+01
01373     2.74400000000000013e+01
01374     2.74600000000000009e+01
01375     2.74800000000000004e+01
01376     2.75000000000000000e+01
01377     2.75199999999999996e+01
01378     2.75399999999999991e+01
01379     2.75600000000000023e+01
01380     2.75800000000000018e+01
01381     2.76000000000000014e+01
01382     2.76200000000000010e+01
01383     2.76400000000000006e+01
01384     2.76600000000000001e+01
01385     2.76799999999999997e+01
01386     2.76999999999999993e+01
01387     2.77199999999999989e+01
01388     2.77400000000000020e+01
01389     2.77600000000000016e+01
01390     2.77800000000000011e+01
01391     2.78000000000000007e+01
01392     2.78200000000000003e+01
01393     2.78399999999999999e+01
01394     2.78599999999999994e+01
01395     2.78799999999999990e+01
01396     2.79000000000000021e+01
01397     2.79200000000000017e+01
01398     2.79400000000000013e+01
01399     2.79600000000000009e+01
01400     2.79800000000000004e+01
01401     2.80000000000000000e+01
01402     2.80199999999999996e+01
01403     2.80399999999999991e+01
01404     2.80600000000000023e+01
01405     2.80800000000000018e+01
01406     2.81000000000000014e+01
01407     2.81200000000000010e+01
01408     2.81400000000000006e+01
01409     2.81600000000000001e+01
01410     2.81799999999999997e+01
01411     2.81999999999999993e+01
01412     2.82199999999999989e+01
01413     2.82400000000000020e+01
01414     2.82600000000000016e+01
01415     2.82800000000000011e+01
01416     2.83000000000000007e+01
01417     2.83200000000000003e+01
01418     2.83399999999999999e+01
01419     2.83599999999999994e+01
01420     2.83799999999999990e+01
01421     2.84000000000000021e+01
01422     2.84200000000000017e+01
01423     2.84400000000000013e+01
01424     2.84600000000000009e+01
01425     2.84800000000000004e+01
01426     2.85000000000000000e+01
01427     2.85199999999999996e+01
01428     2.85399999999999991e+01
01429     2.85600000000000023e+01
01430     2.85800000000000018e+01
01431     2.86000000000000014e+01
01432     2.86200000000000010e+01
01433     2.86400000000000006e+01
01434     2.86600000000000001e+01
01435     2.86799999999999997e+01
01436     2.86999999999999993e+01
01437     2.87199999999999989e+01
01438     2.87400000000000020e+01
01439     2.87600000000000016e+01
01440     2.87800000000000011e+01
01441     2.88000000000000007e+01
01442     2.88200000000000003e+01
01443     2.88399999999999999e+01
01444     2.88599999999999994e+01
01445     2.88799999999999990e+01
01446     2.89000000000000021e+01
01447     2.89200000000000017e+01
01448     2.89400000000000013e+01
01449     2.89600000000000009e+01
01450     2.89800000000000004e+01
01451     2.90000000000000000e+01
01452     2.90199999999999996e+01
01453     2.90399999999999991e+01
01454     2.90600000000000023e+01
01455     2.90800000000000018e+01
01456     2.91000000000000014e+01
01457     2.91200000000000010e+01
01458     2.91400000000000006e+01
01459     2.91600000000000001e+01
01460     2.91799999999999997e+01
01461     2.91999999999999993e+01
01462     2.92199999999999989e+01
01463     2.92400000000000020e+01
01464     2.92600000000000016e+01
01465     2.92800000000000011e+01
01466     2.93000000000000007e+01
01467     2.93200000000000003e+01
01468     2.93399999999999999e+01
01469     2.93599999999999994e+01
01470     2.93799999999999990e+01
01471     2.94000000000000021e+01
01472     2.94200000000000017e+01
01473     2.94400000000000013e+01
01474     2.94600000000000009e+01
01475     2.94800000000000004e+01
01476     2.95000000000000000e+01
01477     2.95199999999999996e+01
01478     2.95399999999999991e+01
01479     2.95600000000000023e+01
01480     2.95800000000000018e+01
01481     2.96000000000000014e+01
01482     2.96200000000000010e+01
01483     2.96400000000000006e+01
01484     2.96600000000000001e+01
01485     2.96799999999999997e+01
01486     2.96999999999999993e+01
01487     2.97199999999999989e+01
01488     2.97400000000000020e+01
01489     2.97600000000000016e+01
01490     2.97800000000000011e+01
01491     2.98000000000000007e+01
01492     2.98200000000000003e+01
01493     2.98399999999999999e+01
01494     2.98599999999999994e+01
01495     2.98799999999999990e+01
01496     2.99000000000000021e+01
01497     2.99200000000000017e+01
01498     2.99400000000000013e+01
01499     2.99600000000000009e+01
01500     2.99800000000000004e+01
01501     3.00000000000000000e+01
01502     3.00199999999999996e+01
01503     3.00399999999999991e+01
01504     3.00600000000000023e+01
01505     3.00800000000000018e+01
01506     3.01000000000000014e+01
01507     3.01200000000000010e+01
01508     3.01400000000000006e+01
01509     3.01600000000000001e+01
01510     3.01799999999999997e+01
01511     3.01999999999999993e+01
01512     3.02199999999999989e+01
01513     3.02400000000000020e+01
01514     3.02600000000000016e+01
01515     3.02800000000000011e+01
01516     3.03000000000000007e+01
01517     3.03200000000000003e+01
01518     3.03399999999999999e+01
01519     3.03599999999999994e+01
01520     3.03799999999999990e+01
01521     3.04000000000000021e+01
01522     3.04200000000000017e+01
01523     3.04400000000000013e+01
01524     3.04600000000000009e+01
01525     3.04800000000000004e+01
01526     3.05000000000000000e+01
01527     3.05199999999999996e+01
01528     3.05399999999999991e+01
01529     3.05600000000000023e+01
01530     3.05800000000000018e+01
01531     3.06000000000000014e+01
01532     3.06200000000000010e+01
01533     3.06400000000000006e+01
01534     3.06600000000000001e+01
01535     3.06799999999999997e+01
01536     3.06999999999999993e+01
01537     3.07199999999999989e+01
01538     3.07400000000000020e+01
01539     3.07600000000000016e+01
01540     3.07800000000000011e+01
01541     3.08000000000000007e+01
01542     3.08200000000000003e+01
01543     3.08399999999999999e+01
01544     3.08599999999999994e+01
01545     3.08799999999999990e+01
01546     3.09000000000000021e+01
01547     3.09200000000000017e+01
01548     3.09400000000000013e+01
01549     3.09600000000000009e+01
01550     3.09800000000000004e+01
01551     3.10000000000000000e+01
01552     3.10199999999999996e+01
01553     3.10399999999999991e+01
01554     3.10600000000000023e+01
01555     3.10800000000000018e+01
01556     3.11000000000000014e+01
01557     3.11200000000000010e+01
01558     3.11400000000000006e+01
01559     3.11600000000000001e+01
01560     3.11799999999999997e+01
01561     3.11999999999999993e+01
01562     3.12200000000000024e+01
01563     3.12400000000000020e+01
01564     3.12600000000000016e+01
01565     3.12800000000000011e+01
01566     3.13000000000000007e+01
01567     3.13200000000000003e+01
01568     3.13399999999999999e+01
01569     3.13599999999999994e+01
01570     3.13799999999999990e+01
01571     3.14000000000000021e+01
01572     3.14200000000000017e+01
01573     3.14400000000000013e+01
01574     3.14600000000000009e+01
01575     3.14800000000000004e+01
01576     3.15000000000000000e+01
01577     3.15199999999999996e+01
01578     3.15399999999999991e+01
01579     3.15600000000000023e+01
01580     3.15800000000000018e+01
01581     3.16000000000000014e+01
01582     3.16200000000000010e+01
01583     3.16400000000000006e+01
01584     3.16600000000000001e+01
01585     3.16799999999999997e+01
01586     3.16999999999999993e+01
01587     3.17200000000000024e+01
01588     3.17400000000000020e+01
01589     3.17600000000000016e+01
01590     3.17800000000000011e+01
01591     3.18000000000000007e+01
01592     3.18200000000000003e+01
01593     3.18399999999999999e+01
01594     3.18599999999999994e+01
01595     3.18799999999999990e+01
01596     3.19000000000000021e+01
01597     3.19200000000000017e+01
01598     3.19400000000000013e+01
01599     3.19600000000000009e+01
01600     3.19800000000000004e+01
01601     3.20000000000000000e+01
00251         Y
00001     0.00000000000000000e+00
00002     2.00000000000000004e-02
00003     4.00000000000000008e-02
00004     5.99999999999999978e-02
00005     8.00000000000000017e-02
00006     1.00000000000000006e-01
00007     1.19999999999999996e-01
00008     1.40000000000000013e-01
00009     1.60000000000000003e-01
00010     1.79999999999999993e-01
00011     2.00000000000000011e-01
00012     2.20000000000000001e-01
00013     2.39999999999999991e-01
00014     2.60000000000000009e-01
00015     2.80000000000000027e-01
00016     2.99999999999999989e-01
00017     3.20000000000000007e-01
00018     3.40000000000000024e-01
00019     3.59999999999999987e-01
00020     3.80000000000000004e-01
00021     4.00000000000000022e-01
00022     4.19999999999999984e-01
00023     4.40000000000000002e-01
00024     4.60000000000000020e-01
00025     4.79999999999999982e-01
00026     5.00000000000000000e-01
00027     5.20000000000000018e-01
00028     5.40000000000000036e-01
00029     5.60000000000000053e-01
00030     5.79999999999999960e-01
00031     5.99999999999999978e-01
00032     6.19999999999999996e-01
00033     6.40000000000000013e-01
00034     6.60000000000000031e-01
00035     6.80000000000000049e-01
00036     7.00000000000000067e-01
00037     7.19999999999999973e-01
00038     7.39999999999999991e-01
00039     7.60000000000000009e-01
00040     7.80000000000000027e-01
00041     8.00000000000000044e-01
00042     8.20000000000000062e-01
00043     8.39999999999999969e-01
00044     8.59999999999999987e-01
00045     8.80000000000000004e-01
00046     9.00000000000000022e-01
00047     9.20000000000000040e-01
00048     9.40000000000000058e-01
00049     9.59999999999999964e-01
00050     9.79999999999999982e-01
00051     1.00000000000000000e+00
00052     1.02000000000000002e+00
00053     1.04000000000000004e+00
00054     1.06000000000000005e+00
00055     1.08000000000000007e+00
00056     1.10000000000000009e+00
00057     1.12000000000000011e+00
00058     1.14000000000000012e+00
00059     1.15999999999999992e+00
00060     1.17999999999999994e+00
00061     1.19999999999999996e+00
00062     1.21999999999999997e+00
00063     1.23999999999999999e+00
00064     1.26000000000000001e+00
00065     1.28000000000000003e+00
00066     1.30000000000000004e+00
00067     1.32000000000000006e+00
00068     1.34000000000000008e+00
00069     1.36000000000000010e+00
00070     1.38000000000000012e+00
00071     1.40000000000000013e+00
00072     1.41999999999999993e+00
00073     1.43999999999999995e+00
00074     1.45999999999999996e+00
00075     1.47999999999999998e+00
00076     1.50000000000000000e+00
00077     1.52000000000000002e+00
00078     1.54000000000000004e+00
00079     1.56000000000000005e+00
00080     1.58000000000000007e+00
00081     1.60000000000000009e+00
00082     1.62000000000000011e+00
00083     1.64000000000000012e+00
00084     1.66000000000000014e+00
00085     1.67999999999999994e+00
00086     1.69999999999999996e+00
00087     1.71999999999999997e+00
00088     1.73999999999999999e+00
00089     1.76000000000000001e+00
00090     1.78000000000000003e+00
00091     1.80000000000000004e+00
00092     1.82000000000000006e+00
00093     1.84000000000000008e+00
00094     1.86000000000000010e+00
00095     1.88000000000000012e+00
00096     1.90000000000000013e+00
00097     1.91999999999999993e+00
00098     1.93999999999999995e+00
00099     1.95999999999999996e+00
00100     1.97999999999999998e+00
00101     2.00000000000000000e+00
00102     2.02000000000000002e+00
00103     2.04000000000000004e+00
00104     2.06000000000000005e+00
00105     2.08000000000000007e+00
00106     2.10000000000000009e+00
00107     2.12000000000000011e+00
00108     2.14000000000000012e+00
00109     2.16000000000000014e+00
00110     2.18000000000000016e+00
00111     2.20000000000000018e+00
00112     2.22000000000000020e+00
00113     2.24000000000000021e+00
00114     2.26000000000000023e+00
00115     2.28000000000000025e+00
00116     2.30000000000000027e+00
00117     2.31999999999999984e+00
00118     2.33999999999999986e+00
00119     2.35999999999999988e+00
00120     2.37999999999999989e+00
00121     2.39999999999999991e+00
00122     2.41999999999999993e+00
00123     2.43999999999999995e+00
00124     2.45999999999999996e+00
00125     2.47999999999999998e+00
00126     2.50000000000000000e+00
00127     2.52000000000000002e+00
00128     2.54000000000000004e+00
00129     2.56000000000000005e+00
00130     2.58000000000000007e+00
00131     2.60000000000000009e+00
00132     2.62000000000000011e+00
00133     2.64000000000000012e+00
00134     2.66000000000000014e+00
00135     2.68000000000000016e+00
00136     2.70000000000000018e+00
00137     2.72000000000000020e+00
00138     2.74000000000000021e+00
00139     2.76000000000000023e+00
00140     2.78000000000000025e+00
00141     2.80000000000000027e+00
00142     2.81999999999999984e+00
00143     2.83999999999999986e+00
00144     2.85999999999999988e+00
00145     2.87999999999999989e+00
00146     2.89999999999999991e+00
00147     2.91999999999999993e+00
00148     2.93999999999999995e+00
00149     2.95999999999999996e+00
00150     2.97999999999999998e+00
00151     3.00000000000000000e+00
00152     3.02000000000000002e+00
00153     3.04000000000000004e+00
00154     3.06000000000000005e+00
00155     3.08000000000000007e+00
00156     3.10000000000000009e+00
00157     3.12000000000000011e+00
00158     3.14000000000000012e+00
00159     3.16000000000000014e+00
00160     3.18000000000000016e+00
00161     3.20000000000000018e+00
00162     3.22000000000000020e+00
00163     3.24000000000000021e+00
00164     3.26000000000000023e+00
00165     3.28000000000000025e+00
00166     3.30000000000000027e+00
00167     3.32000000000000028e+00
00168     3.33999999999999986e+00
00169     3.35999999999999988e+00
00170     3.37999999999999989e+00
00171     3.39999999999999991e+00
00172     3.41999999999999993e+00
00173     3.43999999999999995e+00
00174     3.45999999999999996e+00
00175     3.47999999999999998e+00
00176     3.50000000000000000e+00
00177     3.52000000000000002e+00
00178     3.54000000000000004e+00
00179     3.56000000000000005e+00
00180     3.58000000000000007e+00
00181     3.60000000000000009e+00
00182     3.62000000000000011e+00
00183     3.64000000000000012e+00
00184     3.66000000000000014e+00
00185     3.68000000000000016e+00
00186     3.70000000000000018e+00
00187     3.72000000000000020e+00
00188     3.74000000000000021e+00
00189     3.76000000000000023e+00
00190     3.78000000000000025e+00
00191     3.80000000000000027e+00
00192     3.82000000000000028e+00
00193     3.83999999999999986e+00
00194     3.85999999999999988e+00
00195     3.87999999999999989e+00
00196     3.89999999999999991e+00
00197     3.91999999999999993e+00
00198     3.93999999999999995e+00
00199     3.95999999999999996e+00
00200     3.97999999999999998e+00
00201     4.00000000000000000e+00
00202     4.02000000000000046e+00
00203     4.04000000000000004e+00
00204     4.06000000000000050e+00
00205     4.08000000000000007e+00
00206     4.09999999999999964e+00
00207     4.12000000000000011e+00
00208     4.13999999999999968e+00
00209     4.16000000000000014e+00
00210     4.17999999999999972e+00
00211     4.20000000000000018e+00
00212     4.21999999999999975e+00
00213     4.24000000000000021e+00
00214     4.25999999999999979e+00
00215     4.28000000000000025e+00
00216     4.29999999999999982e+00
00217     4.32000000000000028e+00
00218     4.33999999999999986e+00
00219     4.36000000000000032e+00
00220     4.37999999999999989e+00
00221     4.40000000000000036e+00
00222     4.41999999999999993e+00
00223     4.44000000000000039e+00
00224     4.45999999999999996e+00
00225     4.48000000000000043e+00
00226     4.50000000000000000e+00
00227     4.52000000000000046e+00
00228     4.54000000000000004e+00
00229     4.56000000000000050e+00
00230     4.58000000000000007e+00
00231     4.60000000000000053e+00
00232     4.62000000000000011e+00
00233     4.63999999999999968e+00
00234     4.66000000000000014e+00
00235     4.67999999999999972e+00
00236     4.70000000000000018e+00
00237     4.71999999999999975e+00
00238     4.74000000000000021e+00
00239     4.75999999999999979e+00
00240     4.78000000000000025e+00
00241     4.79999999999999982e+00
00242     4.82000000000000028e+00
00243     4.83999999999999986e+00
00244     4.86000000000000032e+00
00245     4.87999999999999989e+00
00246     4.90000000000000036e+00
00247     4.91999999999999993e+00
00248     4.94000000000000039e+00
00249     4.95999999999999996e+00
00250     4.98000000000000043e+00
00251     5.00000000000000000e+00
00101         Z
00001     0.00000000000000000e+00
00002     2.00000000000000004e-02
00003     4.00000000000000008e-02
00004     5.99999999999999978e-02
00005     8.00000000000000017e-02
00006     1.00000000000000006e-01
00007     1.19999999999999996e-01
00008     1.40000000000000013e-01
00009     1.60000000000000003e-01
00010     1.79999999999999993e-01
00011     2.00000000000000011e-01
00012     2.20000000000000001e-01
00013     2.39999999999999991e-01
00014     2.60000000000000009e-01
00015     2.80000000000000027e-01
00016     2.99999999999999989e-01
00017     3.20000000000000007e-01
00018     3.40000000000000024e-01
00019     3.59999999999999987e-01
00020     3.80000000000000004e-01
00021     4.00000000000000022e-01
00022     4.19999999999999984e-01
00023     4.40000000000000002e-01
00024     4.60000000000000020e-01
00025     4.79999999999999982e-01
00026     5.00000000000000000e-01
00027     5.20000000000000018e-01
00028     5.40000000000000036e-01
00029     5.60000000000000053e-01
00030     5.79999999999999960e-01
00031     5.99999999999999978e-01
00032     6.19999999999999996e-01
00033     6.40000000000000013e-01
00034     6.60000000000000031e-01
00035     6.80000000000000049e-01
00036     7.00000000000000067e-01
00037     7.19999999999999973e-01
00038     7.39999999999999991e-01
00039     7.60000000000000009e-01
00040     7.80000000000000027e-01
00041     8.00000000000000044e-01
00042     8.20000000000000062e-01
00043     8.39999999999999969e-01
00044     8.59999999999999987e-01
00045     8.80000000000000004e-01
00046     9.00000000000000022e-01
00047     9.20000000000000040e-01
00048     9.40000000000000058e-01
00049     9.59999999999999964e-01
00050     9.79999999999999982e-01
00051     1.00000000000000000e+00
00052     1.02000000000000002e+00
00053     1.04000000000000004e+00
00054     1.06000000000000005e+00
00055     1.08000000000000007e+00
00056     1.10000000000000009e+00
00057     1.12000000000000011e+00
00058     1.14000000000000012e+00
00059     1.15999999999999992e+00
00060     1.17999999999999994e+00
00061     1.19999999999999996e+00
00062     1.21999999999999997e+00
00063     1.23999999999999999e+00
00064     1.26000000000000001e+00
00065     1.28000000000000003e+00
00066     1.30000000000000004e+00
00067     1.32000000000000006e+00
00068     1.34000000000000008e+00
00069     1.36000000000000010e+00
00070     1.38000000000000012e+00
00071     1.40000000000000013e+00
00072     1.41999999999999993e+00
00073     1.43999999999999995e+00
00074     1.45999999999999996e+00
00075     1.47999999999999998e+00
00076     1.50000000000000000e+00
00077     1.52000000000000002e+00
00078     1.54000000000000004e+00
00079     1.56000000000000005e+00
00080     1.58000000000000007e+00
00081     1.60000000000000009e+00
00082     1.62000000000000011e+00
00083     1.64000000000000012e+00
00084     1.66000000000000014e+00
00085     1.67999999999999994e+00
00086     1.69999999999999996e+00
00087     1.71999999999999997e+00
00088     1.73999999999999999e+00
00089     1.76000000000000001e+00
00090     1.78000000000000003e+00
00091     1.80000000000000004e+00
00092     1.82000000000000006e+00
00093     1.84000000000000008e+00
00094     1.86000000000000010e+00
00095     1.88000000000000012e+00
00096     1.90000000000000013e+00
00097     1.91999999999999993e+00
00098     1.93999999999999995e+00
00099     1.95999999999999996e+00
00100     1.97999999999999998e+00
00101     2.00000000000000000e+00
