01601         X
00001     0.00000000000000000e+00
00002     1.56250000000000000e-02
00003     3.12500000000000000e-02
00004     4.68750000000000000e-02
00005     6.25000000000000000e-02
00006     7.81250000000000000e-02
00007     9.37500000000000000e-02
00008     1.09375000000000000e-01
00009     1.25000000000000000e-01
00010     1.40625000000000000e-01
00011     1.56250000000000000e-01
00012     1.71875000000000000e-01
00013     1.87500000000000000e-01
00014     2.03125000000000000e-01
00015     2.18750000000000000e-01
00016     2.34375000000000000e-01
00017     2.50000000000000000e-01
00018     2.65625000000000000e-01
00019     2.81250000000000000e-01
00020     2.96875000000000000e-01
00021     3.12500000000000000e-01
00022     3.28125000000000000e-01
00023     3.43750000000000000e-01
00024     3.59375000000000000e-01
00025     3.75000000000000000e-01
00026     3.90625000000000000e-01
00027     4.06250000000000000e-01
00028     4.21875000000000000e-01
00029     4.37500000000000000e-01
00030     4.53125000000000000e-01
00031     4.68750000000000000e-01
00032     4.84375000000000000e-01
00033     5.00000000000000000e-01
00034     5.15625000000000000e-01
00035     5.31250000000000000e-01
00036     5.46875000000000000e-01
00037     5.62500000000000000e-01
00038     5.78125000000000000e-01
00039     5.93750000000000000e-01
00040     6.09375000000000000e-01
00041     6.25000000000000000e-01
00042     6.40625000000000000e-01
00043     6.56250000000000000e-01
00044     6.71875000000000000e-01
00045     6.87500000000000000e-01
00046     7.03125000000000000e-01
00047     7.18750000000000000e-01
00048     7.34375000000000000e-01
00049     7.50000000000000000e-01
00050     7.65625000000000000e-01
00051     7.81250000000000000e-01
00052     7.96875000000000000e-01
00053     8.12500000000000000e-01
00054     8.28125000000000000e-01
00055     8.43750000000000000e-01
00056     8.59375000000000000e-01
00057     8.75000000000000000e-01
00058     8.90625000000000000e-01
00059     9.06250000000000000e-01
00060     9.21875000000000000e-01
00061     9.37500000000000000e-01
00062     9.53125000000000000e-01
00063     9.68750000000000000e-01
00064     9.84375000000000000e-01
00065     1.00000000000000000e+00
00066     1.01562500000000000e+00
00067     1.03125000000000000e+00
00068     1.04687500000000000e+00
00069     1.06250000000000000e+00
00070     1.07812500000000000e+00
00071     1.09375000000000000e+00
00072     1.10937500000000000e+00
00073     1.12500000000000000e+00
00074     1.14062500000000000e+00
00075     1.15625000000000000e+00
00076     1.17187500000000000e+00
00077     1.18750000000000000e+00
00078     1.20312500000000000e+00
00079     1.21875000000000000e+00
00080     1.23437500000000000e+00
00081     1.25000000000000000e+00
00082     1.26562500000000000e+00
00083     1.28125000000000000e+00
00084     1.29687500000000000e+00
00085     1.31250000000000000e+00
00086     1.32812500000000000e+00
00087     1.34375000000000000e+00
00088     1.35937500000000000e+00
00089     1.37500000000000000e+00
00090     1.39062500000000000e+00
00091     1.40625000000000000e+00
00092     1.42187500000000000e+00
00093     1.43750000000000000e+00
00094     1.45312500000000000e+00
00095     1.46875000000000000e+00
00096     1.48437500000000000e+00
00097     1.50000000000000000e+00
00098     1.51562500000000000e+00
00099     1.53125000000000000e+00
00100     1.54687500000000000e+00
00101     1.56250000000000000e+00
00102     1.57812500000000000e+00
00103     1.59375000000000000e+00
00104     1.60937500000000000e+00
00105     1.62500000000000000e+00
00106     1.64062500000000000e+00
00107     1.65625000000000000e+00
00108     1.67187500000000000e+00
00109     1.68750000000000000e+00
00110     1.70312500000000000e+00
00111     1.71875000000000000e+00
00112     1.73437500000000000e+00
00113     1.75000000000000000e+00
00114     1.76562500000000000e+00
00115     1.78125000000000000e+00
00116     1.79687500000000000e+00
00117     1.81250000000000000e+00
00118     1.82812500000000000e+00
00119     1.84375000000000000e+00
00120     1.85937500000000000e+00
00121     1.87500000000000000e+00
00122     1.89062500000000000e+00
00123     1.90625000000000000e+00
00124     1.92187500000000000e+00
00125     1.93750000000000000e+00
00126     1.95312500000000000e+00
00127     1.96875000000000000e+00
00128     1.98437500000000000e+00
00129     2.00000000000000000e+00
00130     2.01562500000000000e+00
00131     2.03125000000000000e+00
00132     2.04687500000000000e+00
00133     2.06250000000000000e+00
00134     2.07812500000000000e+00
00135     2.09375000000000000e+00
00136     2.10937500000000000e+00
00137     2.12500000000000000e+00
00138     2.14062500000000000e+00
00139     2.15625000000000000e+00
00140     2.17187500000000000e+00
00141     2.18750000000000000e+00
00142     2.20312500000000000e+00
00143     2.21875000000000000e+00
00144     2.23437500000000000e+00
00145     2.25000000000000000e+00
00146     2.26562500000000000e+00
00147     2.28125000000000000e+00
00148     2.29687500000000000e+00
00149     2.31250000000000000e+00
00150     2.32812500000000000e+00
00151     2.34375000000000000e+00
00152     2.35937500000000000e+00
00153     2.37500000000000000e+00
00154     2.39062500000000000e+00
00155     2.40625000000000000e+00
00156     2.42187500000000000e+00
00157     2.43750000000000000e+00
00158     2.45312500000000000e+00
00159     2.46875000000000000e+00
00160     2.48437500000000000e+00
00161     2.50000000000000000e+00
00162     2.51562500000000000e+00
00163     2.53125000000000000e+00
00164     2.54687500000000000e+00
00165     2.56250000000000000e+00
00166     2.57812500000000000e+00
00167     2.59375000000000000e+00
00168     2.60937500000000000e+00
00169     2.62500000000000000e+00
00170     2.64062500000000000e+00
00171     2.65625000000000000e+00
00172     2.67187500000000000e+00
00173     2.68750000000000000e+00
00174     2.70312500000000000e+00
00175     2.71875000000000000e+00
00176     2.73437500000000000e+00
00177     2.75000000000000000e+00
00178     2.76562500000000000e+00
00179     2.78125000000000000e+00
00180     2.79687500000000000e+00
00181     2.81250000000000000e+00
00182     2.82812500000000000e+00
00183     2.84375000000000000e+00
00184     2.85937500000000000e+00
00185     2.87500000000000000e+00
00186     2.89062500000000000e+00
00187     2.90625000000000000e+00
00188     2.92187500000000000e+00
00189     2.93750000000000000e+00
00190     2.95312500000000000e+00
00191     2.96875000000000000e+00
00192     2.98437500000000000e+00
00193     3.00000000000000000e+00
00194     3.01562500000000000e+00
00195     3.03125000000000000e+00
00196     3.04687500000000000e+00
00197     3.06250000000000000e+00
00198     3.07812500000000000e+00
00199     3.09375000000000000e+00
00200     3.10937500000000000e+00
00201     3.12500000000000000e+00
00202     3.14062500000000000e+00
00203     3.15625000000000000e+00
00204     3.17187500000000000e+00
00205     3.18750000000000000e+00
00206     3.20312500000000000e+00
00207     3.21875000000000000e+00
00208     3.23437500000000000e+00
00209     3.25000000000000000e+00
00210     3.26562500000000000e+00
00211     3.28125000000000000e+00
00212     3.29687500000000000e+00
00213     3.31250000000000000e+00
00214     3.32812500000000000e+00
00215     3.34375000000000000e+00
00216     3.35937500000000000e+00
00217     3.37500000000000000e+00
00218     3.39062500000000000e+00
00219     3.40625000000000000e+00
00220     3.42187500000000000e+00
00221     3.43750000000000000e+00
00222     3.45312500000000000e+00
00223     3.46875000000000000e+00
00224     3.48437500000000000e+00
00225     3.50000000000000000e+00
00226     3.51562500000000000e+00
00227     3.53125000000000000e+00
00228     3.54687500000000000e+00
00229     3.56250000000000000e+00
00230     3.57812500000000000e+00
00231     3.59375000000000000e+00
00232     3.60937500000000000e+00
00233     3.62500000000000000e+00
00234     3.64062500000000000e+00
00235     3.65625000000000000e+00
00236     3.67187500000000000e+00
00237     3.68750000000000000e+00
00238     3.70312500000000000e+00
00239     3.71875000000000000e+00
00240     3.73437500000000000e+00
00241     3.75000000000000000e+00
00242     3.76562500000000000e+00
00243     3.78125000000000000e+00
00244     3.79687500000000000e+00
00245     3.81250000000000000e+00
00246     3.82812500000000000e+00
00247     3.84375000000000000e+00
00248     3.85937500000000000e+00
00249     3.87500000000000000e+00
00250     3.89062500000000000e+00
00251     3.90625000000000000e+00
00252     3.92187500000000000e+00
00253     3.93750000000000000e+00
00254     3.95312500000000000e+00
00255     3.96875000000000000e+00
00256     3.98437500000000000e+00
00257     4.00000000000000000e+00
00258     4.01562500000000000e+00
00259     4.03125000000000000e+00
00260     4.04687500000000000e+00
00261     4.06250000000000000e+00
00262     4.07812500000000000e+00
00263     4.09375000000000000e+00
00264     4.10937500000000000e+00
00265     4.12500000000000000e+00
00266     4.14062500000000000e+00
00267     4.15625000000000000e+00
00268     4.17187500000000000e+00
00269     4.18750000000000000e+00
00270     4.20312500000000000e+00
00271     4.21875000000000000e+00
00272     4.23437500000000000e+00
00273     4.25000000000000000e+00
00274     4.26562500000000000e+00
00275     4.28125000000000000e+00
00276     4.29687500000000000e+00
00277     4.31250000000000000e+00
00278     4.32812500000000000e+00
00279     4.34375000000000000e+00
00280     4.35937500000000000e+00
00281     4.37500000000000000e+00
00282     4.39062500000000000e+00
00283     4.40625000000000000e+00
00284     4.42187500000000000e+00
00285     4.43750000000000000e+00
00286     4.45312500000000000e+00
00287     4.46875000000000000e+00
00288     4.48437500000000000e+00
00289     4.50000000000000000e+00
00290     4.51562500000000000e+00
00291     4.53125000000000000e+00
00292     4.54687500000000000e+00
00293     4.56250000000000000e+00
00294     4.57812500000000000e+00
00295     4.59375000000000000e+00
00296     4.60937500000000000e+00
00297     4.62500000000000000e+00
00298     4.64062500000000000e+00
00299     4.65625000000000000e+00
00300     4.67187500000000000e+00
00301     4.68750000000000000e+00
00302     4.70312500000000000e+00
00303     4.71875000000000000e+00
00304     4.73437500000000000e+00
00305     4.75000000000000000e+00
00306     4.76562500000000000e+00
00307     4.78125000000000000e+00
00308     4.79687500000000000e+00
00309     4.81250000000000000e+00
00310     4.82812500000000000e+00
00311     4.84375000000000000e+00
00312     4.85937500000000000e+00
00313     4.87500000000000000e+00
00314     4.89062500000000000e+00
00315     4.90625000000000000e+00
00316     4.92187500000000000e+00
00317     4.93750000000000000e+00
00318     4.95312500000000000e+00
00319     4.96875000000000000e+00
00320     4.98437500000000000e+00
00321     5.00000000000000000e+00
00322     5.01562500000000000e+00
00323     5.03125000000000000e+00
00324     5.04687500000000000e+00
00325     5.06250000000000000e+00
00326     5.07812500000000000e+00
00327     5.09375000000000000e+00
00328     5.10937500000000000e+00
00329     5.12500000000000000e+00
00330     5.14062500000000000e+00
00331     5.15625000000000000e+00
00332     5.17187500000000000e+00
00333     5.18750000000000000e+00
00334     5.20312500000000000e+00
00335     5.21875000000000000e+00
00336     5.23437500000000000e+00
00337     5.25000000000000000e+00
00338     5.26562500000000000e+00
00339     5.28125000000000000e+00
00340     5.29687500000000000e+00
00341     5.31250000000000000e+00
00342     5.32812500000000000e+00
00343     5.34375000000000000e+00
00344     5.35937500000000000e+00
00345     5.37500000000000000e+00
00346     5.39062500000000000e+00
00347     5.40625000000000000e+00
00348     5.42187500000000000e+00
00349     5.43750000000000000e+00
00350     5.45312500000000000e+00
00351     5.46875000000000000e+00
00352     5.48437500000000000e+00
00353     5.50000000000000000e+00
00354     5.51562500000000000e+00
00355     5.53125000000000000e+00
00356     5.54687500000000000e+00
00357     5.56250000000000000e+00
00358     5.57812500000000000e+00
00359     5.59375000000000000e+00
00360     5.60937500000000000e+00
00361     5.62500000000000000e+00
00362     5.64062500000000000e+00
00363     5.65625000000000000e+00
00364     5.67187500000000000e+00
00365     5.68750000000000000e+00
00366     5.70312500000000000e+00
00367     5.71875000000000000e+00
00368     5.73437500000000000e+00
00369     5.75000000000000000e+00
00370     5.76562500000000000e+00
00371     5.78125000000000000e+00
00372     5.79687500000000000e+00
00373     5.81250000000000000e+00
00374     5.82812500000000000e+00
00375     5.84375000000000000e+00
00376     5.85937500000000000e+00
00377     5.87500000000000000e+00
00378     5.89062500000000000e+00
00379     5.90625000000000000e+00
00380     5.92187500000000000e+00
00381     5.93750000000000000e+00
00382     5.95312500000000000e+00
00383     5.96875000000000000e+00
00384     5.98437500000000000e+00
00385     6.00000000000000000e+00
00386     6.01562500000000000e+00
00387     6.03125000000000000e+00
00388     6.04687500000000000e+00
00389     6.06250000000000000e+00
00390     6.07812500000000000e+00
00391     6.09375000000000000e+00
00392     6.10937500000000000e+00
00393     6.12500000000000000e+00
00394     6.14062500000000000e+00
00395     6.15625000000000000e+00
00396     6.17187500000000000e+00
00397     6.18750000000000000e+00
00398     6.20312500000000000e+00
00399     6.21875000000000000e+00
00400     6.23437500000000000e+00
00401     6.25000000000000000e+00
00402     6.26562500000000000e+00
00403     6.28125000000000000e+00
00404     6.29687500000000000e+00
00405     6.31250000000000000e+00
00406     6.32812500000000000e+00
00407     6.34375000000000000e+00
00408     6.35937500000000000e+00
00409     6.37500000000000000e+00
00410     6.39062500000000000e+00
00411     6.40625000000000000e+00
00412     6.42187500000000000e+00
00413     6.43750000000000000e+00
00414     6.45312500000000000e+00
00415     6.46875000000000000e+00
00416     6.48437500000000000e+00
00417     6.50000000000000000e+00
00418     6.51562500000000000e+00
00419     6.53125000000000000e+00
00420     6.54687500000000000e+00
00421     6.56250000000000000e+00
00422     6.57812500000000000e+00
00423     6.59375000000000000e+00
00424     6.60937500000000000e+00
00425     6.62500000000000000e+00
00426     6.64062500000000000e+00
00427     6.65625000000000000e+00
00428     6.67187500000000000e+00
00429     6.68750000000000000e+00
00430     6.70312500000000000e+00
00431     6.71875000000000000e+00
00432     6.73437500000000000e+00
00433     6.75000000000000000e+00
00434     6.76562500000000000e+00
00435     6.78125000000000000e+00
00436     6.79687500000000000e+00
00437     6.81250000000000000e+00
00438     6.82812500000000000e+00
00439     6.84375000000000000e+00
00440     6.85937500000000000e+00
00441     6.87500000000000000e+00
00442     6.89062500000000000e+00
00443     6.90625000000000000e+00
00444     6.92187500000000000e+00
00445     6.93750000000000000e+00
00446     6.95312500000000000e+00
00447     6.96875000000000000e+00
00448     6.98437500000000000e+00
00449     7.00000000000000000e+00
00450     7.01562500000000000e+00
00451     7.03125000000000000e+00
00452     7.04687500000000000e+00
00453     7.06250000000000000e+00
00454     7.07812500000000000e+00
00455     7.09375000000000000e+00
00456     7.10937500000000000e+00
00457     7.12500000000000000e+00
00458     7.14062500000000000e+00
00459     7.15625000000000000e+00
00460     7.17187500000000000e+00
00461     7.18750000000000000e+00
00462     7.20312500000000000e+00
00463     7.21875000000000000e+00
00464     7.23437500000000000e+00
00465     7.25000000000000000e+00
00466     7.26562500000000000e+00
00467     7.28125000000000000e+00
00468     7.29687500000000000e+00
00469     7.31250000000000000e+00
00470     7.32812500000000000e+00
00471     7.34375000000000000e+00
00472     7.35937500000000000e+00
00473     7.37500000000000000e+00
00474     7.39062500000000000e+00
00475     7.40625000000000000e+00
00476     7.42187500000000000e+00
00477     7.43750000000000000e+00
00478     7.45312500000000000e+00
00479     7.46875000000000000e+00
00480     7.48437500000000000e+00
00481     7.50000000000000000e+00
00482     7.51562500000000000e+00
00483     7.53125000000000000e+00
00484     7.54687500000000000e+00
00485     7.56250000000000000e+00
00486     7.57812500000000000e+00
00487     7.59375000000000000e+00
00488     7.60937500000000000e+00
00489     7.62500000000000000e+00
00490     7.64062500000000000e+00
00491     7.65625000000000000e+00
00492     7.67187500000000000e+00
00493     7.68750000000000000e+00
00494     7.70312500000000000e+00
00495     7.71875000000000000e+00
00496     7.73437500000000000e+00
00497     7.75000000000000000e+00
00498     7.76562500000000000e+00
00499     7.78125000000000000e+00
00500     7.79687500000000000e+00
00501     7.81250000000000000e+00
00502     7.82812500000000000e+00
00503     7.84375000000000000e+00
00504     7.85937500000000000e+00
00505     7.87500000000000000e+00
00506     7.89062500000000000e+00
00507     7.90625000000000000e+00
00508     7.92187500000000000e+00
00509     7.93750000000000000e+00
00510     7.95312500000000000e+00
00511     7.96875000000000000e+00
00512     7.98437500000000000e+00
00513     8.00000000000000000e+00
00514     8.01562500000000000e+00
00515     8.03125000000000000e+00
00516     8.04687500000000000e+00
00517     8.06250000000000000e+00
00518     8.07812500000000000e+00
00519     8.09375000000000000e+00
00520     8.10937500000000000e+00
00521     8.12500000000000000e+00
00522     8.14062500000000000e+00
00523     8.15625000000000000e+00
00524     8.17187500000000000e+00
00525     8.18750000000000000e+00
00526     8.20312500000000000e+00
00527     8.21875000000000000e+00
00528     8.23437500000000000e+00
00529     8.25000000000000000e+00
00530     8.26562500000000000e+00
00531     8.28125000000000000e+00
00532     8.29687500000000000e+00
00533     8.31250000000000000e+00
00534     8.32812500000000000e+00
00535     8.34375000000000000e+00
00536     8.35937500000000000e+00
00537     8.37500000000000000e+00
00538     8.39062500000000000e+00
00539     8.40625000000000000e+00
00540     8.42187500000000000e+00
00541     8.43750000000000000e+00
00542     8.45312500000000000e+00
00543     8.46875000000000000e+00
00544     8.48437500000000000e+00
00545     8.50000000000000000e+00
00546     8.51562500000000000e+00
00547     8.53125000000000000e+00
00548     8.54687500000000000e+00
00549     8.56250000000000000e+00
00550     8.57812500000000000e+00
00551     8.59375000000000000e+00
00552     8.60937500000000000e+00
00553     8.62500000000000000e+00
00554     8.64062500000000000e+00
00555     8.65625000000000000e+00
00556     8.67187500000000000e+00
00557     8.68750000000000000e+00
00558     8.70312500000000000e+00
00559     8.71875000000000000e+00
00560     8.73437500000000000e+00
00561     8.75000000000000000e+00
00562     8.76562500000000000e+00
00563     8.78125000000000000e+00
00564     8.79687500000000000e+00
00565     8.81250000000000000e+00
00566     8.82812500000000000e+00
00567     8.84375000000000000e+00
00568     8.85937500000000000e+00
00569     8.87500000000000000e+00
00570     8.89062500000000000e+00
00571     8.90625000000000000e+00
00572     8.92187500000000000e+00
00573     8.93750000000000000e+00
00574     8.95312500000000000e+00
00575     8.96875000000000000e+00
00576     8.98437500000000000e+00
00577     9.00000000000000000e+00
00578     9.01562500000000000e+00
00579     9.03125000000000000e+00
00580     9.04687500000000000e+00
00581     9.06250000000000000e+00
00582     9.07812500000000000e+00
00583     9.09375000000000000e+00
00584     9.10937500000000000e+00
00585     9.12500000000000000e+00
00586     9.14062500000000000e+00
00587     9.15625000000000000e+00
00588     9.17187500000000000e+00
00589     9.18750000000000000e+00
00590     9.20312500000000000e+00
00591     9.21875000000000000e+00
00592     9.23437500000000000e+00
00593     9.25000000000000000e+00
00594     9.26562500000000000e+00
00595     9.28125000000000000e+00
00596     9.29687500000000000e+00
00597     9.31250000000000000e+00
00598     9.32812500000000000e+00
00599     9.34375000000000000e+00
00600     9.35937500000000000e+00
00601     9.37500000000000000e+00
00602     9.39062500000000000e+00
00603     9.40625000000000000e+00
00604     9.42187500000000000e+00
00605     9.43750000000000000e+00
00606     9.45312500000000000e+00
00607     9.46875000000000000e+00
00608     9.48437500000000000e+00
00609     9.50000000000000000e+00
00610     9.51562500000000000e+00
00611     9.53125000000000000e+00
00612     9.54687500000000000e+00
00613     9.56250000000000000e+00
00614     9.57812500000000000e+00
00615     9.59375000000000000e+00
00616     9.60937500000000000e+00
00617     9.62500000000000000e+00
00618     9.64062500000000000e+00
00619     9.65625000000000000e+00
00620     9.67187500000000000e+00
00621     9.68750000000000000e+00
00622     9.70312500000000000e+00
00623     9.71875000000000000e+00
00624     9.73437500000000000e+00
00625     9.75000000000000000e+00
00626     9.76562500000000000e+00
00627     9.78125000000000000e+00
00628     9.79687500000000000e+00
00629     9.81250000000000000e+00
00630     9.82812500000000000e+00
00631     9.84375000000000000e+00
00632     9.85937500000000000e+00
00633     9.87500000000000000e+00
00634     9.89062500000000000e+00
00635     9.90625000000000000e+00
00636     9.92187500000000000e+00
00637     9.93750000000000000e+00
00638     9.95312500000000000e+00
00639     9.96875000000000000e+00
00640     9.98437500000000000e+00
00641     1.00000000000000000e+01
00642     1.00156250000000000e+01
00643     1.00312500000000000e+01
00644     1.00468750000000000e+01
00645     1.00625000000000000e+01
00646     1.00781250000000000e+01
00647     1.00937500000000000e+01
00648     1.01093750000000000e+01
00649     1.01250000000000000e+01
00650     1.01406250000000000e+01
00651     1.01562500000000000e+01
00652     1.01718750000000000e+01
00653     1.01875000000000000e+01
00654     1.02031250000000000e+01
00655     1.02187500000000000e+01
00656     1.02343750000000000e+01
00657     1.02500000000000000e+01
00658     1.02656250000000000e+01
00659     1.02812500000000000e+01
00660     1.02968750000000000e+01
00661     1.03125000000000000e+01
00662     1.03281250000000000e+01
00663     1.03437500000000000e+01
00664     1.03593750000000000e+01
00665     1.03750000000000000e+01
00666     1.03906250000000000e+01
00667     1.04062500000000000e+01
00668     1.04218750000000000e+01
00669     1.04375000000000000e+01
00670     1.04531250000000000e+01
00671     1.04687500000000000e+01
00672     1.04843750000000000e+01
00673     1.05000000000000000e+01
00674     1.05156250000000000e+01
00675     1.05312500000000000e+01
00676     1.05468750000000000e+01
00677     1.05625000000000000e+01
00678     1.05781250000000000e+01
00679     1.05937500000000000e+01
00680     1.06093750000000000e+01
00681     1.06250000000000000e+01
00682     1.06406250000000000e+01
00683     1.06562500000000000e+01
00684     1.06718750000000000e+01
00685     1.06875000000000000e+01
00686     1.07031250000000000e+01
00687     1.07187500000000000e+01
00688     1.07343750000000000e+01
00689     1.07500000000000000e+01
00690     1.07656250000000000e+01
00691     1.07812500000000000e+01
00692     1.07968750000000000e+01
00693     1.08125000000000000e+01
00694     1.08281250000000000e+01
00695     1.08437500000000000e+01
00696     1.08593750000000000e+01
00697     1.08750000000000000e+01
00698     1.08906250000000000e+01
00699     1.09062500000000000e+01
00700     1.09218750000000000e+01
00701     1.09375000000000000e+01
00702     1.09531250000000000e+01
00703     1.09687500000000000e+01
00704     1.09843750000000000e+01
00705     1.10000000000000000e+01
00706     1.10156250000000000e+01
00707     1.10312500000000000e+01
00708     1.10468750000000000e+01
00709     1.10625000000000000e+01
00710     1.10781250000000000e+01
00711     1.10937500000000000e+01
00712     1.11093750000000000e+01
00713     1.11250000000000000e+01
00714     1.11406250000000000e+01
00715     1.11562500000000000e+01
00716     1.11718750000000000e+01
00717     1.11875000000000000e+01
00718     1.12031250000000000e+01
00719     1.12187500000000000e+01
00720     1.12343750000000000e+01
00721     1.12500000000000000e+01
00722     1.12656250000000000e+01
00723     1.12812500000000000e+01
00724     1.12968750000000000e+01
00725     1.13125000000000000e+01
00726     1.13281250000000000e+01
00727     1.13437500000000000e+01
00728     1.13593750000000000e+01
00729     1.13750000000000000e+01
00730     1.13906250000000000e+01
00731     1.14062500000000000e+01
00732     1.14218750000000000e+01
00733     1.14375000000000000e+01
00734     1.14531250000000000e+01
00735     1.14687500000000000e+01
00736     1.14843750000000000e+01
00737     1.15000000000000000e+01
00738     1.15156250000000000e+01
00739     1.15312500000000000e+01
00740     1.15468750000000000e+01
00741     1.15625000000000000e+01
00742     1.15781250000000000e+01
00743     1.15937500000000000e+01
00744     1.16093750000000000e+01
00745     1.16250000000000000e+01
00746     1.16406250000000000e+01
00747     1.16562500000000000e+01
00748     1.16718750000000000e+01
00749     1.16875000000000000e+01
00750     1.17031250000000000e+01
00751     1.17187500000000000e+01
00752     1.17343750000000000e+01
00753     1.17500000000000000e+01
00754     1.17656250000000000e+01
00755     1.17812500000000000e+01
00756     1.17968750000000000e+01
00757     1.18125000000000000e+01
00758     1.18281250000000000e+01
00759     1.18437500000000000e+01
00760     1.18593750000000000e+01
00761     1.18750000000000000e+01
00762     1.18906250000000000e+01
00763     1.19062500000000000e+01
00764     1.19218750000000000e+01
00765     1.19375000000000000e+01
00766     1.19531250000000000e+01
00767     1.19687500000000000e+01
00768     1.19843750000000000e+01
00769     1.20000000000000000e+01
00770     1.20156250000000000e+01
00771     1.20312500000000000e+01
00772     1.20468750000000000e+01
00773     1.20625000000000000e+01
00774     1.20781250000000000e+01
00775     1.20937500000000000e+01
00776     1.21093750000000000e+01
00777     1.21250000000000000e+01
00778     1.21406250000000000e+01
00779     1.21562500000000000e+01
00780     1.21718750000000000e+01
00781     1.21875000000000000e+01
00782     1.22031250000000000e+01
00783     1.22187500000000000e+01
00784     1.22343750000000000e+01
00785     1.22500000000000000e+01
00786     1.22656250000000000e+01
00787     1.22812500000000000e+01
00788     1.22968750000000000e+01
00789     1.23125000000000000e+01
00790     1.23281250000000000e+01
00791     1.23437500000000000e+01
00792     1.23593750000000000e+01
00793     1.23750000000000000e+01
00794     1.23906250000000000e+01
00795     1.24062500000000000e+01
00796     1.24218750000000000e+01
00797     1.24375000000000000e+01
00798     1.24531250000000000e+01
00799     1.24687500000000000e+01
00800     1.24843750000000000e+01
00801     1.25000000000000000e+01
00802     1.25156250000000000e+01
00803     1.25312500000000000e+01
00804     1.25468750000000000e+01
00805     1.25625000000000000e+01
00806     1.25781250000000000e+01
00807     1.25937500000000000e+01
00808     1.26093750000000000e+01
00809     1.26250000000000000e+01
00810     1.26406250000000000e+01
00811     1.26562500000000000e+01
00812     1.26718750000000000e+01
00813     1.26875000000000000e+01
00814     1.27031250000000000e+01
00815     1.27187500000000000e+01
00816     1.27343750000000000e+01
00817     1.27500000000000000e+01
00818     1.27656250000000000e+01
00819     1.27812500000000000e+01
00820     1.27968750000000000e+01
00821     1.28125000000000000e+01
00822     1.28281250000000000e+01
00823     1.28437500000000000e+01
00824     1.28593750000000000e+01
00825     1.28750000000000000e+01
00826     1.28906250000000000e+01
00827     1.29062500000000000e+01
00828     1.29218750000000000e+01
00829     1.29375000000000000e+01
00830     1.29531250000000000e+01
00831     1.29687500000000000e+01
00832     1.29843750000000000e+01
00833     1.30000000000000000e+01
00834     1.30156250000000000e+01
00835     1.30312500000000000e+01
00836     1.30468750000000000e+01
00837     1.30625000000000000e+01
00838     1.30781250000000000e+01
00839     1.30937500000000000e+01
00840     1.31093750000000000e+01
00841     1.31250000000000000e+01
00842     1.31406250000000000e+01
00843     1.31562500000000000e+01
00844     1.31718750000000000e+01
00845     1.31875000000000000e+01
00846     1.32031250000000000e+01
00847     1.32187500000000000e+01
00848     1.32343750000000000e+01
00849     1.32500000000000000e+01
00850     1.32656250000000000e+01
00851     1.32812500000000000e+01
00852     1.32968750000000000e+01
00853     1.33125000000000000e+01
00854     1.33281250000000000e+01
00855     1.33437500000000000e+01
00856     1.33593750000000000e+01
00857     1.33750000000000000e+01
00858     1.33906250000000000e+01
00859     1.34062500000000000e+01
00860     1.34218750000000000e+01
00861     1.34375000000000000e+01
00862     1.34531250000000000e+01
00863     1.34687500000000000e+01
00864     1.34843750000000000e+01
00865     1.35000000000000000e+01
00866     1.35156250000000000e+01
00867     1.35312500000000000e+01
00868     1.35468750000000000e+01
00869     1.35625000000000000e+01
00870     1.35781250000000000e+01
00871     1.35937500000000000e+01
00872     1.36093750000000000e+01
00873     1.36250000000000000e+01
00874     1.36406250000000000e+01
00875     1.36562500000000000e+01
00876     1.36718750000000000e+01
00877     1.36875000000000000e+01
00878     1.37031250000000000e+01
00879     1.37187500000000000e+01
00880     1.37343750000000000e+01
00881     1.37500000000000000e+01
00882     1.37656250000000000e+01
00883     1.37812500000000000e+01
00884     1.37968750000000000e+01
00885     1.38125000000000000e+01
00886     1.38281250000000000e+01
00887     1.38437500000000000e+01
00888     1.38593750000000000e+01
00889     1.38750000000000000e+01
00890     1.38906250000000000e+01
00891     1.39062500000000000e+01
00892     1.39218750000000000e+01
00893     1.39375000000000000e+01
00894     1.39531250000000000e+01
00895     1.39687500000000000e+01
00896     1.39843750000000000e+01
00897     1.40000000000000000e+01
00898     1.40156250000000000e+01
00899     1.40312500000000000e+01
00900     1.40468750000000000e+01
00901     1.40625000000000000e+01
00902     1.40781250000000000e+01
00903     1.40937500000000000e+01
00904     1.41093750000000000e+01
00905     1.41250000000000000e+01
00906     1.41406250000000000e+01
00907     1.41562500000000000e+01
00908     1.41718750000000000e+01
00909     1.41875000000000000e+01
00910     1.42031250000000000e+01
00911     1.42187500000000000e+01
00912     1.42343750000000000e+01
00913     1.42500000000000000e+01
00914     1.42656250000000000e+01
00915     1.42812500000000000e+01
00916     1.42968750000000000e+01
00917     1.43125000000000000e+01
00918     1.43281250000000000e+01
00919     1.43437500000000000e+01
00920     1.43593750000000000e+01
00921     1.43750000000000000e+01
00922     1.43906250000000000e+01
00923     1.44062500000000000e+01
00924     1.44218750000000000e+01
00925     1.44375000000000000e+01
00926     1.44531250000000000e+01
00927     1.44687500000000000e+01
00928     1.44843750000000000e+01
00929     1.45000000000000000e+01
00930     1.45156250000000000e+01
00931     1.45312500000000000e+01
00932     1.45468750000000000e+01
00933     1.45625000000000000e+01
00934     1.45781250000000000e+01
00935     1.45937500000000000e+01
00936     1.46093750000000000e+01
00937     1.46250000000000000e+01
00938     1.46406250000000000e+01
00939     1.46562500000000000e+01
00940     1.46718750000000000e+01
00941     1.46875000000000000e+01
00942     1.47031250000000000e+01
00943     1.47187500000000000e+01
00944     1.47343750000000000e+01
00945     1.47500000000000000e+01
00946     1.47656250000000000e+01
00947     1.47812500000000000e+01
00948     1.47968750000000000e+01
00949     1.48125000000000000e+01
00950     1.48281250000000000e+01
00951     1.48437500000000000e+01
00952     1.48593750000000000e+01
00953     1.48750000000000000e+01
00954     1.48906250000000000e+01
00955     1.49062500000000000e+01
00956     1.49218750000000000e+01
00957     1.49375000000000000e+01
00958     1.49531250000000000e+01
00959     1.49687500000000000e+01
00960     1.49843750000000000e+01
00961     1.50000000000000000e+01
00962     1.50156250000000000e+01
00963     1.50312500000000000e+01
00964     1.50468750000000000e+01
00965     1.50625000000000000e+01
00966     1.50781250000000000e+01
00967     1.50937500000000000e+01
00968     1.51093750000000000e+01
00969     1.51250000000000000e+01
00970     1.51406250000000000e+01
00971     1.51562500000000000e+01
00972     1.51718750000000000e+01
00973     1.51875000000000000e+01
00974     1.52031250000000000e+01
00975     1.52187500000000000e+01
00976     1.52343750000000000e+01
00977     1.52500000000000000e+01
00978     1.52656250000000000e+01
00979     1.52812500000000000e+01
00980     1.52968750000000000e+01
00981     1.53125000000000000e+01
00982     1.53281250000000000e+01
00983     1.53437500000000000e+01
00984     1.53593750000000000e+01
00985     1.53750000000000000e+01
00986     1.53906250000000000e+01
00987     1.54062500000000000e+01
00988     1.54218750000000000e+01
00989     1.54375000000000000e+01
00990     1.54531250000000000e+01
00991     1.54687500000000000e+01
00992     1.54843750000000000e+01
00993     1.55000000000000000e+01
00994     1.55156250000000000e+01
00995     1.55312500000000000e+01
00996     1.55468750000000000e+01
00997     1.55625000000000000e+01
00998     1.55781250000000000e+01
00999     1.55937500000000000e+01
01000     1.56093750000000000e+01
01001     1.56250000000000000e+01
01002     1.56406250000000000e+01
01003     1.56562500000000000e+01
01004     1.56718750000000000e+01
01005     1.56875000000000000e+01
01006     1.57031250000000000e+01
01007     1.57187500000000000e+01
01008     1.57343750000000000e+01
01009     1.57500000000000000e+01
01010     1.57656250000000000e+01
01011     1.57812500000000000e+01
01012     1.57968750000000000e+01
01013     1.58125000000000000e+01
01014     1.58281250000000000e+01
01015     1.58437500000000000e+01
01016     1.58593750000000000e+01
01017     1.58750000000000000e+01
01018     1.58906250000000000e+01
01019     1.59062500000000000e+01
01020     1.59218750000000000e+01
01021     1.59375000000000000e+01
01022     1.59531250000000000e+01
01023     1.59687500000000000e+01
01024     1.59843750000000000e+01
01025     1.60000000000000000e+01
01026     1.60156250000000000e+01
01027     1.60312500000000000e+01
01028     1.60468750000000000e+01
01029     1.60625000000000000e+01
01030     1.60781250000000000e+01
01031     1.60937500000000000e+01
01032     1.61093750000000000e+01
01033     1.61250000000000000e+01
01034     1.61406250000000000e+01
01035     1.61562500000000000e+01
01036     1.61718750000000000e+01
01037     1.61875000000000000e+01
01038     1.62031250000000000e+01
01039     1.62187500000000000e+01
01040     1.62343750000000000e+01
01041     1.62500000000000000e+01
01042     1.62656250000000000e+01
01043     1.62812500000000000e+01
01044     1.62968750000000000e+01
01045     1.63125000000000000e+01
01046     1.63281250000000000e+01
01047     1.63437500000000000e+01
01048     1.63593750000000000e+01
01049     1.63750000000000000e+01
01050     1.63906250000000000e+01
01051     1.64062500000000000e+01
01052     1.64218750000000000e+01
01053     1.64375000000000000e+01
01054     1.64531250000000000e+01
01055     1.64687500000000000e+01
01056     1.64843750000000000e+01
01057     1.65000000000000000e+01
01058     1.65156250000000000e+01
01059     1.65312500000000000e+01
01060     1.65468750000000000e+01
01061     1.65625000000000000e+01
01062     1.65781250000000000e+01
01063     1.65937500000000000e+01
01064     1.66093750000000000e+01
01065     1.66250000000000000e+01
01066     1.66406250000000000e+01
01067     1.66562500000000000e+01
01068     1.66718750000000000e+01
01069     1.66875000000000000e+01
01070     1.67031250000000000e+01
01071     1.67187500000000000e+01
01072     1.67343750000000000e+01
01073     1.67500000000000000e+01
01074     1.67656250000000000e+01
01075     1.67812500000000000e+01
01076     1.67968750000000000e+01
01077     1.68125000000000000e+01
01078     1.68281250000000000e+01
01079     1.68437500000000000e+01
01080     1.68593750000000000e+01
01081     1.68750000000000000e+01
01082     1.68906250000000000e+01
01083     1.69062500000000000e+01
01084     1.69218750000000000e+01
01085     1.69375000000000000e+01
01086     1.69531250000000000e+01
01087     1.69687500000000000e+01
01088     1.69843750000000000e+01
01089     1.70000000000000000e+01
01090     1.70156250000000000e+01
01091     1.70312500000000000e+01
01092     1.70468750000000000e+01
01093     1.70625000000000000e+01
01094     1.70781250000000000e+01
01095     1.70937500000000000e+01
01096     1.71093750000000000e+01
01097     1.71250000000000000e+01
01098     1.71406250000000000e+01
01099     1.71562500000000000e+01
01100     1.71718750000000000e+01
01101     1.71875000000000000e+01
01102     1.72031250000000000e+01
01103     1.72187500000000000e+01
01104     1.72343750000000000e+01
01105     1.72500000000000000e+01
01106     1.72656250000000000e+01
01107     1.72812500000000000e+01
01108     1.72968750000000000e+01
01109     1.73125000000000000e+01
01110     1.73281250000000000e+01
01111     1.73437500000000000e+01
01112     1.73593750000000000e+01
01113     1.73750000000000000e+01
01114     1.73906250000000000e+01
01115     1.74062500000000000e+01
01116     1.74218750000000000e+01
01117     1.74375000000000000e+01
01118     1.74531250000000000e+01
01119     1.74687500000000000e+01
01120     1.74843750000000000e+01
01121     1.75000000000000000e+01
01122     1.75156250000000000e+01
01123     1.75312500000000000e+01
01124     1.75468750000000000e+01
01125     1.75625000000000000e+01
01126     1.75781250000000000e+01
01127     1.75937500000000000e+01
01128     1.76093750000000000e+01
01129     1.76250000000000000e+01
01130     1.76406250000000000e+01
01131     1.76562500000000000e+01
01132     1.76718750000000000e+01
01133     1.76875000000000000e+01
01134     1.77031250000000000e+01
01135     1.77187500000000000e+01
01136     1.77343750000000000e+01
01137     1.77500000000000000e+01
01138     1.77656250000000000e+01
01139     1.77812500000000000e+01
01140     1.77968750000000000e+01
01141     1.78125000000000000e+01
01142     1.78281250000000000e+01
01143     1.78437500000000000e+01
01144     1.78593750000000000e+01
01145     1.78750000000000000e+01
01146     1.78906250000000000e+01
01147     1.79062500000000000e+01
01148     1.79218750000000000e+01
01149     1.79375000000000000e+01
01150     1.79531250000000000e+01
01151     1.79687500000000000e+01
01152     1.79843750000000000e+01
01153     1.80000000000000000e+01
01154     1.80156250000000000e+01
01155     1.80312500000000000e+01
01156     1.80468750000000000e+01
01157     1.80625000000000000e+01
01158     1.80781250000000000e+01
01159     1.80937500000000000e+01
01160     1.81093750000000000e+01
01161     1.81250000000000000e+01
01162     1.81406250000000000e+01
01163     1.81562500000000000e+01
01164     1.81718750000000000e+01
01165     1.81875000000000000e+01
01166     1.82031250000000000e+01
01167     1.82187500000000000e+01
01168     1.82343750000000000e+01
01169     1.82500000000000000e+01
01170     1.82656250000000000e+01
01171     1.82812500000000000e+01
01172     1.82968750000000000e+01
01173     1.83125000000000000e+01
01174     1.83281250000000000e+01
01175     1.83437500000000000e+01
01176     1.83593750000000000e+01
01177     1.83750000000000000e+01
01178     1.83906250000000000e+01
01179     1.84062500000000000e+01
01180     1.84218750000000000e+01
01181     1.84375000000000000e+01
01182     1.84531250000000000e+01
01183     1.84687500000000000e+01
01184     1.84843750000000000e+01
01185     1.85000000000000000e+01
01186     1.85156250000000000e+01
01187     1.85312500000000000e+01
01188     1.85468750000000000e+01
01189     1.85625000000000000e+01
01190     1.85781250000000000e+01
01191     1.85937500000000000e+01
01192     1.86093750000000000e+01
01193     1.86250000000000000e+01
01194     1.86406250000000000e+01
01195     1.86562500000000000e+01
01196     1.86718750000000000e+01
01197     1.86875000000000000e+01
01198     1.87031250000000000e+01
01199     1.87187500000000000e+01
01200     1.87343750000000000e+01
01201     1.87500000000000000e+01
01202     1.87656250000000000e+01
01203     1.87812500000000000e+01
01204     1.87968750000000000e+01
01205     1.88125000000000000e+01
01206     1.88281250000000000e+01
01207     1.88437500000000000e+01
01208     1.88593750000000000e+01
01209     1.88750000000000000e+01
01210     1.88906250000000000e+01
01211     1.89062500000000000e+01
01212     1.89218750000000000e+01
01213     1.89375000000000000e+01
01214     1.89531250000000000e+01
01215     1.89687500000000000e+01
01216     1.89843750000000000e+01
01217     1.90000000000000000e+01
01218     1.90156250000000000e+01
01219     1.90312500000000000e+01
01220     1.90468750000000000e+01
01221     1.90625000000000000e+01
01222     1.90781250000000000e+01
01223     1.90937500000000000e+01
01224     1.91093750000000000e+01
01225     1.91250000000000000e+01
01226     1.91406250000000000e+01
01227     1.91562500000000000e+01
01228     1.91718750000000000e+01
01229     1.91875000000000000e+01
01230     1.92031250000000000e+01
01231     1.92187500000000000e+01
01232     1.92343750000000000e+01
01233     1.92500000000000000e+01
01234     1.92656250000000000e+01
01235     1.92812500000000000e+01
01236     1.92968750000000000e+01
01237     1.93125000000000000e+01
01238     1.93281250000000000e+01
01239     1.93437500000000000e+01
01240     1.93593750000000000e+01
01241     1.93750000000000000e+01
01242     1.93906250000000000e+01
01243     1.94062500000000000e+01
01244     1.94218750000000000e+01
01245     1.94375000000000000e+01
01246     1.94531250000000000e+01
01247     1.94687500000000000e+01
01248     1.94843750000000000e+01
01249     1.95000000000000000e+01
01250     1.95156250000000000e+01
01251     1.95312500000000000e+01
01252     1.95468750000000000e+01
01253     1.95625000000000000e+01
01254     1.95781250000000000e+01
01255     1.95937500000000000e+01
01256     1.96093750000000000e+01
01257     1.96250000000000000e+01
01258     1.96406250000000000e+01
01259     1.96562500000000000e+01
01260     1.96718750000000000e+01
01261     1.96875000000000000e+01
01262     1.97031250000000000e+01
01263     1.97187500000000000e+01
01264     1.97343750000000000e+01
01265     1.97500000000000000e+01
01266     1.97656250000000000e+01
01267     1.97812500000000000e+01
01268     1.97968750000000000e+01
01269     1.98125000000000000e+01
01270     1.98281250000000000e+01
01271     1.98437500000000000e+01
01272     1.98593750000000000e+01
01273     1.98750000000000000e+01
01274     1.98906250000000000e+01
01275     1.99062500000000000e+01
01276     1.99218750000000000e+01
01277     1.99375000000000000e+01
01278     1.99531250000000000e+01
01279     1.99687500000000000e+01
01280     1.99843750000000000e+01
01281     2.00000000000000000e+01
01282     2.00156250000000000e+01
01283     2.00312500000000000e+01
01284     2.00468750000000000e+01
01285     2.00625000000000000e+01
01286     2.00781250000000000e+01
01287     2.00937500000000000e+01
01288     2.01093750000000000e+01
01289     2.01250000000000000e+01
01290     2.01406250000000000e+01
01291     2.01562500000000000e+01
01292     2.01718750000000000e+01
01293     2.01875000000000000e+01
01294     2.02031250000000000e+01
01295     2.02187500000000000e+01
01296     2.02343750000000000e+01
01297     2.02500000000000000e+01
01298     2.02656250000000000e+01
01299     2.02812500000000000e+01
01300     2.02968750000000000e+01
01301     2.03125000000000000e+01
01302     2.03281250000000000e+01
01303     2.03437500000000000e+01
01304     2.03593750000000000e+01
01305     2.03750000000000000e+01
01306     2.03906250000000000e+01
01307     2.04062500000000000e+01
01308     2.04218750000000000e+01
01309     2.04375000000000000e+01
01310     2.04531250000000000e+01
01311     2.04687500000000000e+01
01312     2.04843750000000000e+01
01313     2.05000000000000000e+01
01314     2.05156250000000000e+01
01315     2.05312500000000000e+01
01316     2.05468750000000000e+01
01317     2.05625000000000000e+01
01318     2.05781250000000000e+01
01319     2.05937500000000000e+01
01320     2.06093750000000000e+01
01321     2.06250000000000000e+01
01322     2.06406250000000000e+01
01323     2.06562500000000000e+01
01324     2.06718750000000000e+01
01325     2.06875000000000000e+01
01326     2.07031250000000000e+01
01327     2.07187500000000000e+01
01328     2.07343750000000000e+01
01329     2.07500000000000000e+01
01330     2.07656250000000000e+01
01331     2.07812500000000000e+01
01332     2.07968750000000000e+01
01333     2.08125000000000000e+01
01334     2.08281250000000000e+01
01335     2.08437500000000000e+01
01336     2.08593750000000000e+01
01337     2.08750000000000000e+01
01338     2.08906250000000000e+01
01339     2.09062500000000000e+01
01340     2.09218750000000000e+01
01341     2.09375000000000000e+01
01342     2.09531250000000000e+01
01343     2.09687500000000000e+01
01344     2.09843750000000000e+01
01345     2.10000000000000000e+01
01346     2.10156250000000000e+01
01347     2.10312500000000000e+01
01348     2.10468750000000000e+01
01349     2.10625000000000000e+01
01350     2.10781250000000000e+01
01351     2.10937500000000000e+01
01352     2.11093750000000000e+01
01353     2.11250000000000000e+01
01354     2.11406250000000000e+01
01355     2.11562500000000000e+01
01356     2.11718750000000000e+01
01357     2.11875000000000000e+01
01358     2.12031250000000000e+01
01359     2.12187500000000000e+01
01360     2.12343750000000000e+01
01361     2.12500000000000000e+01
01362     2.12656250000000000e+01
01363     2.12812500000000000e+01
01364     2.12968750000000000e+01
01365     2.13125000000000000e+01
01366     2.13281250000000000e+01
01367     2.13437500000000000e+01
01368     2.13593750000000000e+01
01369     2.13750000000000000e+01
01370     2.13906250000000000e+01
01371     2.14062500000000000e+01
01372     2.14218750000000000e+01
01373     2.14375000000000000e+01
01374     2.14531250000000000e+01
01375     2.14687500000000000e+01
01376     2.14843750000000000e+01
01377     2.15000000000000000e+01
01378     2.15156250000000000e+01
01379     2.15312500000000000e+01
01380     2.15468750000000000e+01
01381     2.15625000000000000e+01
01382     2.15781250000000000e+01
01383     2.15937500000000000e+01
01384     2.16093750000000000e+01
01385     2.16250000000000000e+01
01386     2.16406250000000000e+01
01387     2.16562500000000000e+01
01388     2.16718750000000000e+01
01389     2.16875000000000000e+01
01390     2.17031250000000000e+01
01391     2.17187500000000000e+01
01392     2.17343750000000000e+01
01393     2.17500000000000000e+01
01394     2.17656250000000000e+01
01395     2.17812500000000000e+01
01396     2.17968750000000000e+01
01397     2.18125000000000000e+01
01398     2.18281250000000000e+01
01399     2.18437500000000000e+01
01400     2.18593750000000000e+01
01401     2.18750000000000000e+01
01402     2.18906250000000000e+01
01403     2.19062500000000000e+01
01404     2.19218750000000000e+01
01405     2.19375000000000000e+01
01406     2.19531250000000000e+01
01407     2.19687500000000000e+01
01408     2.19843750000000000e+01
01409     2.20000000000000000e+01
01410     2.20156250000000000e+01
01411     2.20312500000000000e+01
01412     2.20468750000000000e+01
01413     2.20625000000000000e+01
01414     2.20781250000000000e+01
01415     2.20937500000000000e+01
01416     2.21093750000000000e+01
01417     2.21250000000000000e+01
01418     2.21406250000000000e+01
01419     2.21562500000000000e+01
01420     2.21718750000000000e+01
01421     2.21875000000000000e+01
01422     2.22031250000000000e+01
01423     2.22187500000000000e+01
01424     2.22343750000000000e+01
01425     2.22500000000000000e+01
01426     2.22656250000000000e+01
01427     2.22812500000000000e+01
01428     2.22968750000000000e+01
01429     2.23125000000000000e+01
01430     2.23281250000000000e+01
01431     2.23437500000000000e+01
01432     2.23593750000000000e+01
01433     2.23750000000000000e+01
01434     2.23906250000000000e+01
01435     2.24062500000000000e+01
01436     2.24218750000000000e+01
01437     2.24375000000000000e+01
01438     2.24531250000000000e+01
01439     2.24687500000000000e+01
01440     2.24843750000000000e+01
01441     2.25000000000000000e+01
01442     2.25156250000000000e+01
01443     2.25312500000000000e+01
01444     2.25468750000000000e+01
01445     2.25625000000000000e+01
01446     2.25781250000000000e+01
01447     2.25937500000000000e+01
01448     2.26093750000000000e+01
01449     2.26250000000000000e+01
01450     2.26406250000000000e+01
01451     2.26562500000000000e+01
01452     2.26718750000000000e+01
01453     2.26875000000000000e+01
01454     2.27031250000000000e+01
01455     2.27187500000000000e+01
01456     2.27343750000000000e+01
01457     2.27500000000000000e+01
01458     2.27656250000000000e+01
01459     2.27812500000000000e+01
01460     2.27968750000000000e+01
01461     2.28125000000000000e+01
01462     2.28281250000000000e+01
01463     2.28437500000000000e+01
01464     2.28593750000000000e+01
01465     2.28750000000000000e+01
01466     2.28906250000000000e+01
01467     2.29062500000000000e+01
01468     2.29218750000000000e+01
01469     2.29375000000000000e+01
01470     2.29531250000000000e+01
01471     2.29687500000000000e+01
01472     2.29843750000000000e+01
01473     2.30000000000000000e+01
01474     2.30156250000000000e+01
01475     2.30312500000000000e+01
01476     2.30468750000000000e+01
01477     2.30625000000000000e+01
01478     2.30781250000000000e+01
01479     2.30937500000000000e+01
01480     2.31093750000000000e+01
01481     2.31250000000000000e+01
01482     2.31406250000000000e+01
01483     2.31562500000000000e+01
01484     2.31718750000000000e+01
01485     2.31875000000000000e+01
01486     2.32031250000000000e+01
01487     2.32187500000000000e+01
01488     2.32343750000000000e+01
01489     2.32500000000000000e+01
01490     2.32656250000000000e+01
01491     2.32812500000000000e+01
01492     2.32968750000000000e+01
01493     2.33125000000000000e+01
01494     2.33281250000000000e+01
01495     2.33437500000000000e+01
01496     2.33593750000000000e+01
01497     2.33750000000000000e+01
01498     2.33906250000000000e+01
01499     2.34062500000000000e+01
01500     2.34218750000000000e+01
01501     2.34375000000000000e+01
01502     2.34531250000000000e+01
01503     2.34687500000000000e+01
01504     2.34843750000000000e+01
01505     2.35000000000000000e+01
01506     2.35156250000000000e+01
01507     2.35312500000000000e+01
01508     2.35468750000000000e+01
01509     2.35625000000000000e+01
01510     2.35781250000000000e+01
01511     2.35937500000000000e+01
01512     2.36093750000000000e+01
01513     2.36250000000000000e+01
01514     2.36406250000000000e+01
01515     2.36562500000000000e+01
01516     2.36718750000000000e+01
01517     2.36875000000000000e+01
01518     2.37031250000000000e+01
01519     2.37187500000000000e+01
01520     2.37343750000000000e+01
01521     2.37500000000000000e+01
01522     2.37656250000000000e+01
01523     2.37812500000000000e+01
01524     2.37968750000000000e+01
01525     2.38125000000000000e+01
01526     2.38281250000000000e+01
01527     2.38437500000000000e+01
01528     2.38593750000000000e+01
01529     2.38750000000000000e+01
01530     2.38906250000000000e+01
01531     2.39062500000000000e+01
01532     2.39218750000000000e+01
01533     2.39375000000000000e+01
01534     2.39531250000000000e+01
01535     2.39687500000000000e+01
01536     2.39843750000000000e+01
01537     2.40000000000000000e+01
01538     2.40156250000000000e+01
01539     2.40312500000000000e+01
01540     2.40468750000000000e+01
01541     2.40625000000000000e+01
01542     2.40781250000000000e+01
01543     2.40937500000000000e+01
01544     2.41093750000000000e+01
01545     2.41250000000000000e+01
01546     2.41406250000000000e+01
01547     2.41562500000000000e+01
01548     2.41718750000000000e+01
01549     2.41875000000000000e+01
01550     2.42031250000000000e+01
01551     2.42187500000000000e+01
01552     2.42343750000000000e+01
01553     2.42500000000000000e+01
01554     2.42656250000000000e+01
01555     2.42812500000000000e+01
01556     2.42968750000000000e+01
01557     2.43125000000000000e+01
01558     2.43281250000000000e+01
01559     2.43437500000000000e+01
01560     2.43593750000000000e+01
01561     2.43750000000000000e+01
01562     2.43906250000000000e+01
01563     2.44062500000000000e+01
01564     2.44218750000000000e+01
01565     2.44375000000000000e+01
01566     2.44531250000000000e+01
01567     2.44687500000000000e+01
01568     2.44843750000000000e+01
01569     2.45000000000000000e+01
01570     2.45156250000000000e+01
01571     2.45312500000000000e+01
01572     2.45468750000000000e+01
01573     2.45625000000000000e+01
01574     2.45781250000000000e+01
01575     2.45937500000000000e+01
01576     2.46093750000000000e+01
01577     2.46250000000000000e+01
01578     2.46406250000000000e+01
01579     2.46562500000000000e+01
01580     2.46718750000000000e+01
01581     2.46875000000000000e+01
01582     2.47031250000000000e+01
01583     2.47187500000000000e+01
01584     2.47343750000000000e+01
01585     2.47500000000000000e+01
01586     2.47656250000000000e+01
01587     2.47812500000000000e+01
01588     2.47968750000000000e+01
01589     2.48125000000000000e+01
01590     2.48281250000000000e+01
01591     2.48437500000000000e+01
01592     2.48593750000000000e+01
01593     2.48750000000000000e+01
01594     2.48906250000000000e+01
01595     2.49062500000000000e+01
01596     2.49218750000000000e+01
01597     2.49375000000000000e+01
01598     2.49531250000000000e+01
01599     2.49687500000000000e+01
01600     2.49843750000000000e+01
01601     2.50000000000000000e+01
00641         Y
00001     0.00000000000000000e+00
00002     1.56250000000000000e-02
00003     3.12500000000000000e-02
00004     4.68750000000000000e-02
00005     6.25000000000000000e-02
00006     7.81250000000000000e-02
00007     9.37500000000000000e-02
00008     1.09375000000000000e-01
00009     1.25000000000000000e-01
00010     1.40625000000000000e-01
00011     1.56250000000000000e-01
00012     1.71875000000000000e-01
00013     1.87500000000000000e-01
00014     2.03125000000000000e-01
00015     2.18750000000000000e-01
00016     2.34375000000000000e-01
00017     2.50000000000000000e-01
00018     2.65625000000000000e-01
00019     2.81250000000000000e-01
00020     2.96875000000000000e-01
00021     3.12500000000000000e-01
00022     3.28125000000000000e-01
00023     3.43750000000000000e-01
00024     3.59375000000000000e-01
00025     3.75000000000000000e-01
00026     3.90625000000000000e-01
00027     4.06250000000000000e-01
00028     4.21875000000000000e-01
00029     4.37500000000000000e-01
00030     4.53125000000000000e-01
00031     4.68750000000000000e-01
00032     4.84375000000000000e-01
00033     5.00000000000000000e-01
00034     5.15625000000000000e-01
00035     5.31250000000000000e-01
00036     5.46875000000000000e-01
00037     5.62500000000000000e-01
00038     5.78125000000000000e-01
00039     5.93750000000000000e-01
00040     6.09375000000000000e-01
00041     6.25000000000000000e-01
00042     6.40625000000000000e-01
00043     6.56250000000000000e-01
00044     6.71875000000000000e-01
00045     6.87500000000000000e-01
00046     7.03125000000000000e-01
00047     7.18750000000000000e-01
00048     7.34375000000000000e-01
00049     7.50000000000000000e-01
00050     7.65625000000000000e-01
00051     7.81250000000000000e-01
00052     7.96875000000000000e-01
00053     8.12500000000000000e-01
00054     8.28125000000000000e-01
00055     8.43750000000000000e-01
00056     8.59375000000000000e-01
00057     8.75000000000000000e-01
00058     8.90625000000000000e-01
00059     9.06250000000000000e-01
00060     9.21875000000000000e-01
00061     9.37500000000000000e-01
00062     9.53125000000000000e-01
00063     9.68750000000000000e-01
00064     9.84375000000000000e-01
00065     1.00000000000000000e+00
00066     1.01562500000000000e+00
00067     1.03125000000000000e+00
00068     1.04687500000000000e+00
00069     1.06250000000000000e+00
00070     1.07812500000000000e+00
00071     1.09375000000000000e+00
00072     1.10937500000000000e+00
00073     1.12500000000000000e+00
00074     1.14062500000000000e+00
00075     1.15625000000000000e+00
00076     1.17187500000000000e+00
00077     1.18750000000000000e+00
00078     1.20312500000000000e+00
00079     1.21875000000000000e+00
00080     1.23437500000000000e+00
00081     1.25000000000000000e+00
00082     1.26562500000000000e+00
00083     1.28125000000000000e+00
00084     1.29687500000000000e+00
00085     1.31250000000000000e+00
00086     1.32812500000000000e+00
00087     1.34375000000000000e+00
00088     1.35937500000000000e+00
00089     1.37500000000000000e+00
00090     1.39062500000000000e+00
00091     1.40625000000000000e+00
00092     1.42187500000000000e+00
00093     1.43750000000000000e+00
00094     1.45312500000000000e+00
00095     1.46875000000000000e+00
00096     1.48437500000000000e+00
00097     1.50000000000000000e+00
00098     1.51562500000000000e+00
00099     1.53125000000000000e+00
00100     1.54687500000000000e+00
00101     1.56250000000000000e+00
00102     1.57812500000000000e+00
00103     1.59375000000000000e+00
00104     1.60937500000000000e+00
00105     1.62500000000000000e+00
00106     1.64062500000000000e+00
00107     1.65625000000000000e+00
00108     1.67187500000000000e+00
00109     1.68750000000000000e+00
00110     1.70312500000000000e+00
00111     1.71875000000000000e+00
00112     1.73437500000000000e+00
00113     1.75000000000000000e+00
00114     1.76562500000000000e+00
00115     1.78125000000000000e+00
00116     1.79687500000000000e+00
00117     1.81250000000000000e+00
00118     1.82812500000000000e+00
00119     1.84375000000000000e+00
00120     1.85937500000000000e+00
00121     1.87500000000000000e+00
00122     1.89062500000000000e+00
00123     1.90625000000000000e+00
00124     1.92187500000000000e+00
00125     1.93750000000000000e+00
00126     1.95312500000000000e+00
00127     1.96875000000000000e+00
00128     1.98437500000000000e+00
00129     2.00000000000000000e+00
00130     2.01562500000000000e+00
00131     2.03125000000000000e+00
00132     2.04687500000000000e+00
00133     2.06250000000000000e+00
00134     2.07812500000000000e+00
00135     2.09375000000000000e+00
00136     2.10937500000000000e+00
00137     2.12500000000000000e+00
00138     2.14062500000000000e+00
00139     2.15625000000000000e+00
00140     2.17187500000000000e+00
00141     2.18750000000000000e+00
00142     2.20312500000000000e+00
00143     2.21875000000000000e+00
00144     2.23437500000000000e+00
00145     2.25000000000000000e+00
00146     2.26562500000000000e+00
00147     2.28125000000000000e+00
00148     2.29687500000000000e+00
00149     2.31250000000000000e+00
00150     2.32812500000000000e+00
00151     2.34375000000000000e+00
00152     2.35937500000000000e+00
00153     2.37500000000000000e+00
00154     2.39062500000000000e+00
00155     2.40625000000000000e+00
00156     2.42187500000000000e+00
00157     2.43750000000000000e+00
00158     2.45312500000000000e+00
00159     2.46875000000000000e+00
00160     2.48437500000000000e+00
00161     2.50000000000000000e+00
00162     2.51562500000000000e+00
00163     2.53125000000000000e+00
00164     2.54687500000000000e+00
00165     2.56250000000000000e+00
00166     2.57812500000000000e+00
00167     2.59375000000000000e+00
00168     2.60937500000000000e+00
00169     2.62500000000000000e+00
00170     2.64062500000000000e+00
00171     2.65625000000000000e+00
00172     2.67187500000000000e+00
00173     2.68750000000000000e+00
00174     2.70312500000000000e+00
00175     2.71875000000000000e+00
00176     2.73437500000000000e+00
00177     2.75000000000000000e+00
00178     2.76562500000000000e+00
00179     2.78125000000000000e+00
00180     2.79687500000000000e+00
00181     2.81250000000000000e+00
00182     2.82812500000000000e+00
00183     2.84375000000000000e+00
00184     2.85937500000000000e+00
00185     2.87500000000000000e+00
00186     2.89062500000000000e+00
00187     2.90625000000000000e+00
00188     2.92187500000000000e+00
00189     2.93750000000000000e+00
00190     2.95312500000000000e+00
00191     2.96875000000000000e+00
00192     2.98437500000000000e+00
00193     3.00000000000000000e+00
00194     3.01562500000000000e+00
00195     3.03125000000000000e+00
00196     3.04687500000000000e+00
00197     3.06250000000000000e+00
00198     3.07812500000000000e+00
00199     3.09375000000000000e+00
00200     3.10937500000000000e+00
00201     3.12500000000000000e+00
00202     3.14062500000000000e+00
00203     3.15625000000000000e+00
00204     3.17187500000000000e+00
00205     3.18750000000000000e+00
00206     3.20312500000000000e+00
00207     3.21875000000000000e+00
00208     3.23437500000000000e+00
00209     3.25000000000000000e+00
00210     3.26562500000000000e+00
00211     3.28125000000000000e+00
00212     3.29687500000000000e+00
00213     3.31250000000000000e+00
00214     3.32812500000000000e+00
00215     3.34375000000000000e+00
00216     3.35937500000000000e+00
00217     3.37500000000000000e+00
00218     3.39062500000000000e+00
00219     3.40625000000000000e+00
00220     3.42187500000000000e+00
00221     3.43750000000000000e+00
00222     3.45312500000000000e+00
00223     3.46875000000000000e+00
00224     3.48437500000000000e+00
00225     3.50000000000000000e+00
00226     3.51562500000000000e+00
00227     3.53125000000000000e+00
00228     3.54687500000000000e+00
00229     3.56250000000000000e+00
00230     3.57812500000000000e+00
00231     3.59375000000000000e+00
00232     3.60937500000000000e+00
00233     3.62500000000000000e+00
00234     3.64062500000000000e+00
00235     3.65625000000000000e+00
00236     3.67187500000000000e+00
00237     3.68750000000000000e+00
00238     3.70312500000000000e+00
00239     3.71875000000000000e+00
00240     3.73437500000000000e+00
00241     3.75000000000000000e+00
00242     3.76562500000000000e+00
00243     3.78125000000000000e+00
00244     3.79687500000000000e+00
00245     3.81250000000000000e+00
00246     3.82812500000000000e+00
00247     3.84375000000000000e+00
00248     3.85937500000000000e+00
00249     3.87500000000000000e+00
00250     3.89062500000000000e+00
00251     3.90625000000000000e+00
00252     3.92187500000000000e+00
00253     3.93750000000000000e+00
00254     3.95312500000000000e+00
00255     3.96875000000000000e+00
00256     3.98437500000000000e+00
00257     4.00000000000000000e+00
00258     4.01562500000000000e+00
00259     4.03125000000000000e+00
00260     4.04687500000000000e+00
00261     4.06250000000000000e+00
00262     4.07812500000000000e+00
00263     4.09375000000000000e+00
00264     4.10937500000000000e+00
00265     4.12500000000000000e+00
00266     4.14062500000000000e+00
00267     4.15625000000000000e+00
00268     4.17187500000000000e+00
00269     4.18750000000000000e+00
00270     4.20312500000000000e+00
00271     4.21875000000000000e+00
00272     4.23437500000000000e+00
00273     4.25000000000000000e+00
00274     4.26562500000000000e+00
00275     4.28125000000000000e+00
00276     4.29687500000000000e+00
00277     4.31250000000000000e+00
00278     4.32812500000000000e+00
00279     4.34375000000000000e+00
00280     4.35937500000000000e+00
00281     4.37500000000000000e+00
00282     4.39062500000000000e+00
00283     4.40625000000000000e+00
00284     4.42187500000000000e+00
00285     4.43750000000000000e+00
00286     4.45312500000000000e+00
00287     4.46875000000000000e+00
00288     4.48437500000000000e+00
00289     4.50000000000000000e+00
00290     4.51562500000000000e+00
00291     4.53125000000000000e+00
00292     4.54687500000000000e+00
00293     4.56250000000000000e+00
00294     4.57812500000000000e+00
00295     4.59375000000000000e+00
00296     4.60937500000000000e+00
00297     4.62500000000000000e+00
00298     4.64062500000000000e+00
00299     4.65625000000000000e+00
00300     4.67187500000000000e+00
00301     4.68750000000000000e+00
00302     4.70312500000000000e+00
00303     4.71875000000000000e+00
00304     4.73437500000000000e+00
00305     4.75000000000000000e+00
00306     4.76562500000000000e+00
00307     4.78125000000000000e+00
00308     4.79687500000000000e+00
00309     4.81250000000000000e+00
00310     4.82812500000000000e+00
00311     4.84375000000000000e+00
00312     4.85937500000000000e+00
00313     4.87500000000000000e+00
00314     4.89062500000000000e+00
00315     4.90625000000000000e+00
00316     4.92187500000000000e+00
00317     4.93750000000000000e+00
00318     4.95312500000000000e+00
00319     4.96875000000000000e+00
00320     4.98437500000000000e+00
00321     5.00000000000000000e+00
00322     5.01562500000000000e+00
00323     5.03125000000000000e+00
00324     5.04687500000000000e+00
00325     5.06250000000000000e+00
00326     5.07812500000000000e+00
00327     5.09375000000000000e+00
00328     5.10937500000000000e+00
00329     5.12500000000000000e+00
00330     5.14062500000000000e+00
00331     5.15625000000000000e+00
00332     5.17187500000000000e+00
00333     5.18750000000000000e+00
00334     5.20312500000000000e+00
00335     5.21875000000000000e+00
00336     5.23437500000000000e+00
00337     5.25000000000000000e+00
00338     5.26562500000000000e+00
00339     5.28125000000000000e+00
00340     5.29687500000000000e+00
00341     5.31250000000000000e+00
00342     5.32812500000000000e+00
00343     5.34375000000000000e+00
00344     5.35937500000000000e+00
00345     5.37500000000000000e+00
00346     5.39062500000000000e+00
00347     5.40625000000000000e+00
00348     5.42187500000000000e+00
00349     5.43750000000000000e+00
00350     5.45312500000000000e+00
00351     5.46875000000000000e+00
00352     5.48437500000000000e+00
00353     5.50000000000000000e+00
00354     5.51562500000000000e+00
00355     5.53125000000000000e+00
00356     5.54687500000000000e+00
00357     5.56250000000000000e+00
00358     5.57812500000000000e+00
00359     5.59375000000000000e+00
00360     5.60937500000000000e+00
00361     5.62500000000000000e+00
00362     5.64062500000000000e+00
00363     5.65625000000000000e+00
00364     5.67187500000000000e+00
00365     5.68750000000000000e+00
00366     5.70312500000000000e+00
00367     5.71875000000000000e+00
00368     5.73437500000000000e+00
00369     5.75000000000000000e+00
00370     5.76562500000000000e+00
00371     5.78125000000000000e+00
00372     5.79687500000000000e+00
00373     5.81250000000000000e+00
00374     5.82812500000000000e+00
00375     5.84375000000000000e+00
00376     5.85937500000000000e+00
00377     5.87500000000000000e+00
00378     5.89062500000000000e+00
00379     5.90625000000000000e+00
00380     5.92187500000000000e+00
00381     5.93750000000000000e+00
00382     5.95312500000000000e+00
00383     5.96875000000000000e+00
00384     5.98437500000000000e+00
00385     6.00000000000000000e+00
00386     6.01562500000000000e+00
00387     6.03125000000000000e+00
00388     6.04687500000000000e+00
00389     6.06250000000000000e+00
00390     6.07812500000000000e+00
00391     6.09375000000000000e+00
00392     6.10937500000000000e+00
00393     6.12500000000000000e+00
00394     6.14062500000000000e+00
00395     6.15625000000000000e+00
00396     6.17187500000000000e+00
00397     6.18750000000000000e+00
00398     6.20312500000000000e+00
00399     6.21875000000000000e+00
00400     6.23437500000000000e+00
00401     6.25000000000000000e+00
00402     6.26562500000000000e+00
00403     6.28125000000000000e+00
00404     6.29687500000000000e+00
00405     6.31250000000000000e+00
00406     6.32812500000000000e+00
00407     6.34375000000000000e+00
00408     6.35937500000000000e+00
00409     6.37500000000000000e+00
00410     6.39062500000000000e+00
00411     6.40625000000000000e+00
00412     6.42187500000000000e+00
00413     6.43750000000000000e+00
00414     6.45312500000000000e+00
00415     6.46875000000000000e+00
00416     6.48437500000000000e+00
00417     6.50000000000000000e+00
00418     6.51562500000000000e+00
00419     6.53125000000000000e+00
00420     6.54687500000000000e+00
00421     6.56250000000000000e+00
00422     6.57812500000000000e+00
00423     6.59375000000000000e+00
00424     6.60937500000000000e+00
00425     6.62500000000000000e+00
00426     6.64062500000000000e+00
00427     6.65625000000000000e+00
00428     6.67187500000000000e+00
00429     6.68750000000000000e+00
00430     6.70312500000000000e+00
00431     6.71875000000000000e+00
00432     6.73437500000000000e+00
00433     6.75000000000000000e+00
00434     6.76562500000000000e+00
00435     6.78125000000000000e+00
00436     6.79687500000000000e+00
00437     6.81250000000000000e+00
00438     6.82812500000000000e+00
00439     6.84375000000000000e+00
00440     6.85937500000000000e+00
00441     6.87500000000000000e+00
00442     6.89062500000000000e+00
00443     6.90625000000000000e+00
00444     6.92187500000000000e+00
00445     6.93750000000000000e+00
00446     6.95312500000000000e+00
00447     6.96875000000000000e+00
00448     6.98437500000000000e+00
00449     7.00000000000000000e+00
00450     7.01562500000000000e+00
00451     7.03125000000000000e+00
00452     7.04687500000000000e+00
00453     7.06250000000000000e+00
00454     7.07812500000000000e+00
00455     7.09375000000000000e+00
00456     7.10937500000000000e+00
00457     7.12500000000000000e+00
00458     7.14062500000000000e+00
00459     7.15625000000000000e+00
00460     7.17187500000000000e+00
00461     7.18750000000000000e+00
00462     7.20312500000000000e+00
00463     7.21875000000000000e+00
00464     7.23437500000000000e+00
00465     7.25000000000000000e+00
00466     7.26562500000000000e+00
00467     7.28125000000000000e+00
00468     7.29687500000000000e+00
00469     7.31250000000000000e+00
00470     7.32812500000000000e+00
00471     7.34375000000000000e+00
00472     7.35937500000000000e+00
00473     7.37500000000000000e+00
00474     7.39062500000000000e+00
00475     7.40625000000000000e+00
00476     7.42187500000000000e+00
00477     7.43750000000000000e+00
00478     7.45312500000000000e+00
00479     7.46875000000000000e+00
00480     7.48437500000000000e+00
00481     7.50000000000000000e+00
00482     7.51562500000000000e+00
00483     7.53125000000000000e+00
00484     7.54687500000000000e+00
00485     7.56250000000000000e+00
00486     7.57812500000000000e+00
00487     7.59375000000000000e+00
00488     7.60937500000000000e+00
00489     7.62500000000000000e+00
00490     7.64062500000000000e+00
00491     7.65625000000000000e+00
00492     7.67187500000000000e+00
00493     7.68750000000000000e+00
00494     7.70312500000000000e+00
00495     7.71875000000000000e+00
00496     7.73437500000000000e+00
00497     7.75000000000000000e+00
00498     7.76562500000000000e+00
00499     7.78125000000000000e+00
00500     7.79687500000000000e+00
00501     7.81250000000000000e+00
00502     7.82812500000000000e+00
00503     7.84375000000000000e+00
00504     7.85937500000000000e+00
00505     7.87500000000000000e+00
00506     7.89062500000000000e+00
00507     7.90625000000000000e+00
00508     7.92187500000000000e+00
00509     7.93750000000000000e+00
00510     7.95312500000000000e+00
00511     7.96875000000000000e+00
00512     7.98437500000000000e+00
00513     8.00000000000000000e+00
00514     8.01562500000000000e+00
00515     8.03125000000000000e+00
00516     8.04687500000000000e+00
00517     8.06250000000000000e+00
00518     8.07812500000000000e+00
00519     8.09375000000000000e+00
00520     8.10937500000000000e+00
00521     8.12500000000000000e+00
00522     8.14062500000000000e+00
00523     8.15625000000000000e+00
00524     8.17187500000000000e+00
00525     8.18750000000000000e+00
00526     8.20312500000000000e+00
00527     8.21875000000000000e+00
00528     8.23437500000000000e+00
00529     8.25000000000000000e+00
00530     8.26562500000000000e+00
00531     8.28125000000000000e+00
00532     8.29687500000000000e+00
00533     8.31250000000000000e+00
00534     8.32812500000000000e+00
00535     8.34375000000000000e+00
00536     8.35937500000000000e+00
00537     8.37500000000000000e+00
00538     8.39062500000000000e+00
00539     8.40625000000000000e+00
00540     8.42187500000000000e+00
00541     8.43750000000000000e+00
00542     8.45312500000000000e+00
00543     8.46875000000000000e+00
00544     8.48437500000000000e+00
00545     8.50000000000000000e+00
00546     8.51562500000000000e+00
00547     8.53125000000000000e+00
00548     8.54687500000000000e+00
00549     8.56250000000000000e+00
00550     8.57812500000000000e+00
00551     8.59375000000000000e+00
00552     8.60937500000000000e+00
00553     8.62500000000000000e+00
00554     8.64062500000000000e+00
00555     8.65625000000000000e+00
00556     8.67187500000000000e+00
00557     8.68750000000000000e+00
00558     8.70312500000000000e+00
00559     8.71875000000000000e+00
00560     8.73437500000000000e+00
00561     8.75000000000000000e+00
00562     8.76562500000000000e+00
00563     8.78125000000000000e+00
00564     8.79687500000000000e+00
00565     8.81250000000000000e+00
00566     8.82812500000000000e+00
00567     8.84375000000000000e+00
00568     8.85937500000000000e+00
00569     8.87500000000000000e+00
00570     8.89062500000000000e+00
00571     8.90625000000000000e+00
00572     8.92187500000000000e+00
00573     8.93750000000000000e+00
00574     8.95312500000000000e+00
00575     8.96875000000000000e+00
00576     8.98437500000000000e+00
00577     9.00000000000000000e+00
00578     9.01562500000000000e+00
00579     9.03125000000000000e+00
00580     9.04687500000000000e+00
00581     9.06250000000000000e+00
00582     9.07812500000000000e+00
00583     9.09375000000000000e+00
00584     9.10937500000000000e+00
00585     9.12500000000000000e+00
00586     9.14062500000000000e+00
00587     9.15625000000000000e+00
00588     9.17187500000000000e+00
00589     9.18750000000000000e+00
00590     9.20312500000000000e+00
00591     9.21875000000000000e+00
00592     9.23437500000000000e+00
00593     9.25000000000000000e+00
00594     9.26562500000000000e+00
00595     9.28125000000000000e+00
00596     9.29687500000000000e+00
00597     9.31250000000000000e+00
00598     9.32812500000000000e+00
00599     9.34375000000000000e+00
00600     9.35937500000000000e+00
00601     9.37500000000000000e+00
00602     9.39062500000000000e+00
00603     9.40625000000000000e+00
00604     9.42187500000000000e+00
00605     9.43750000000000000e+00
00606     9.45312500000000000e+00
00607     9.46875000000000000e+00
00608     9.48437500000000000e+00
00609     9.50000000000000000e+00
00610     9.51562500000000000e+00
00611     9.53125000000000000e+00
00612     9.54687500000000000e+00
00613     9.56250000000000000e+00
00614     9.57812500000000000e+00
00615     9.59375000000000000e+00
00616     9.60937500000000000e+00
00617     9.62500000000000000e+00
00618     9.64062500000000000e+00
00619     9.65625000000000000e+00
00620     9.67187500000000000e+00
00621     9.68750000000000000e+00
00622     9.70312500000000000e+00
00623     9.71875000000000000e+00
00624     9.73437500000000000e+00
00625     9.75000000000000000e+00
00626     9.76562500000000000e+00
00627     9.78125000000000000e+00
00628     9.79687500000000000e+00
00629     9.81250000000000000e+00
00630     9.82812500000000000e+00
00631     9.84375000000000000e+00
00632     9.85937500000000000e+00
00633     9.87500000000000000e+00
00634     9.89062500000000000e+00
00635     9.90625000000000000e+00
00636     9.92187500000000000e+00
00637     9.93750000000000000e+00
00638     9.95312500000000000e+00
00639     9.96875000000000000e+00
00640     9.98437500000000000e+00
00641     1.00000000000000000e+01
00064         Z
00001     0.00000000000000000e+00
00002     1.56250000000000000e-02
00003     3.12500000000000000e-02
00004     4.68750000000000000e-02
00005     6.25000000000000000e-02
00006     7.81250000000000000e-02
00007     9.37500000000000000e-02
00008     1.09375000000000000e-01
00009     1.25000000000000000e-01
00010     1.40625000000000000e-01
00011     1.56250000000000000e-01
00012     1.71875000000000000e-01
00013     1.87500000000000000e-01
00014     2.03125000000000000e-01
00015     2.18750000000000000e-01
00016     2.34375000000000000e-01
00017     2.50000000000000000e-01
00018     2.65625000000000000e-01
00019     2.81250000000000000e-01
00020     2.96875000000000000e-01
00021     3.12500000000000000e-01
00022     3.28125000000000000e-01
00023     3.43750000000000000e-01
00024     3.59375000000000000e-01
00025     3.75000000000000000e-01
00026     3.90625000000000000e-01
00027     4.06250000000000000e-01
00028     4.21875000000000000e-01
00029     4.37500000000000000e-01
00030     4.53125000000000000e-01
00031     4.68750000000000000e-01
00032     4.84375000000000000e-01
00033     5.00000000000000000e-01
00034     5.15625000000000000e-01
00035     5.31250000000000000e-01
00036     5.46875000000000000e-01
00037     5.62500000000000000e-01
00038     5.78125000000000000e-01
00039     5.93750000000000000e-01
00040     6.09375000000000000e-01
00041     6.25000000000000000e-01
00042     6.40625000000000000e-01
00043     6.56250000000000000e-01
00044     6.71875000000000000e-01
00045     6.87500000000000000e-01
00046     7.03125000000000000e-01
00047     7.18750000000000000e-01
00048     7.34375000000000000e-01
00049     7.50000000000000000e-01
00050     7.65625000000000000e-01
00051     7.81250000000000000e-01
00052     7.96875000000000000e-01
00053     8.12500000000000000e-01
00054     8.28125000000000000e-01
00055     8.43750000000000000e-01
00056     8.59375000000000000e-01
00057     8.75000000000000000e-01
00058     8.90625000000000000e-01
00059     9.06250000000000000e-01
00060     9.21875000000000000e-01
00061     9.37500000000000000e-01
00062     9.53125000000000000e-01
00063     9.68750000000000000e-01
00064     9.84375000000000000e-01
